-0.071336 0.17016 -0.11399 -0.047526 -0.023312 0.10639 -0.045215 0.20381 0.15668 0.08047 -0.1483 0.028796 -0.087509 0.022645 0.071189 -0.10458 0.15192 -0.034275 0.096749 0.025715 -0.0036953 0.099347 0.020461 -0.027027 0.073316 0.01953 -0.0035385 -0.067445 0.079765 0.3135
0.0034759 0.27105 -0.013758 -0.0029854 0.091028 0.17685 -0.031495 0.28128 0.14339 0.1219 -0.079158 -0.081698 -0.03746 -0.24558 0.061238 0.070286 -0.096597 0.11777 -0.02086 -0.0070746 0.19825 -0.025725 -0.09092 0.028096 0.0068112 0.03757 -0.09204 0.029816 -0.12253 0.11862
-0.16386 0.22972 0.094983 0.054874 -0.13288 -0.19778 -0.098676 -0.065154 0.077819 0.0022485 0.0089013 -0.26084 -0.064714 -0.28254 -0.13751 0.046297 -0.15427 0.071887 0.022943 0.017927 0.080111 -0.13367 -0.14483 -0.066924 -0.12001 0.18117 -0.099002 -0.04818 0.022298 0.066923
-0.1744 0.13477 0.072052 -0.058717 -0.13149 0.03079 -0.085221 0.028469 0.030287 0.13401 0.063094 -0.16878 0.041253 0.09414 0.093057 -0.14336 -0.31867 -0.18451 -0.019203 0.095453 -0.021725 0.039438 0.059358 -0.073939 0.017183 -0.048954 -0.075829 -0.056221 -0.042747 0.24461
-0.0011456 0.071855 0.00010222 -0.060355 0.19998 0.049447 -0.092699 0.075694 0.2865 -0.12231 0.013688 0.015632 0.095486 0.012119 -0.062312 0.01839 -0.14523 0.0029076 -0.11323 0.099047 0.011894 0.052117 -0.029528 0.07655 0.033486 0.02433 0.086802 -0.16186 -0.13081 0.016139
0.0012874 0.053045 0.18577 -0.22084 0.094949 0.10276 0.0044542 0.081968 -0.0061833 -0.11216 -0.094525 0.087217 0.086205 0.02523 -0.073807 0.014479 0.095184 0.12185 -0.10891 0.074976 0.15475 -0.026628 -0.09011 -0.0050405 0.034529 -0.063047 -0.075721 -0.14825 0.088518 0.069044
0.11055 0.26143 -0.15244 -0.032492 0.13471 -0.030088 0.11219 0.01762 0.096914 0.046823 0.056672 0.033039 -0.15436 0.047555 -0.069524 0.15842 -0.026846 -0.038716 0.072701 0.032433 0.094637 -0.01475 -0.13251 -0.054141 0.033992 -0.034401 -0.0084255 -0.040464 0.27286 0.039755
-0.0072502 -0.017305 0.097274 0.017941 -0.082939 -0.046078 0.16374 -0.21594 0.013599 -0.19033 -0.066972 0.078144 0.081877 -0.056515 0.10434 -0.08307 0.10968 0.12003 0.12719 0.066462 -0.049621 0.12992 -0.070182 -0.065363 -0.06127 0.15571 -0.11726 0.015397 -0.075319 0.031285
0.18025 -0.032018 0.01995 0.041389 -0.09066 0.050428 0.053531 0.043443 -0.036159 0.039719 0.031285 -0.062596 0.065232 0.036736 0.034328 0.041323 -0.2314 -0.15526 -0.08379 0.032524 0.02116 -0.086715 0.011855 -0.20811 -0.02579 0.03131 0.039072 0.017127 0.10992 -0.049733
0.16389 0.022205 -0.070871 -0.15119 0.082161 0.12121 -0.1865 0.066275 -0.01051 0.14375 0.0093603 -0.0079899 -0.038294 0.12135 -0.11152 -0.18069 0.10177 0.2057 -0.053656 -0.01693 0.09929 -0.1895 -0.015215 0.055785 -0.019678 -0.13431 -0.15775 0.033548 -0.023061 -0.00079241
0.19575 0.12209 -0.13613 -0.062428 0.020672 -0.076539 -0.12649 -0.12099 0.17771 -0.052792 0.084439 -0.0093765 -0.15117 -0.083296 -0.077788 0.034018 -0.098113 0.011703 0.029783 0.16554 -0.10849 0.14933 0.14278 0.29417 -0.020561 0.093959 0.08549 0.1472 0.0074238 0.077355
-0.11116 0.078023 0.19116 0.16255 0.033556 -0.054868 0.030177 -0.12645 0.00096049 0.023379 0.049614 0.011955 0.091732 -0.096164 0.10702 0.028793 0.087198 0.0074376 -0.065996 0.044502 0.066196 -0.1143 0.036181 0.025392 -0.037481 -0.12443 -0.1236 0.066023 0.033748 0.11547
0.18689 0.061878 -0.071364 -0.04103 0.12957 0.042855 -0.071104 -0.080796 0.12408 -0.031271 -0.012142 0.026895 0.25403 -0.075048 0.0041573 -0.04924 0.064998 0.077466 -0.0052822 -0.069826 0.069773 -0.082879 0.0038879 0.028329 -0.057628 -0.061587 -0.13955 -0.077552 -0.022893 -0.059718
-0.13514 -0.074603 -0.094355 0.038428 0.0032331 0.021573 0.065261 -0.041571 -0.073127 -0.047762 0.055562 -0.012296 0.057533 -0.065559 0.08522 -0.097496 0.097584 -0.0076311 -0.29766 -0.021211 -0.025607 0.0012048 0.14458 -0.10572 0.11152 -0.066623 -0.12029 0.15399 -0.13487 -0.13265
-0.12549 0.046382 0.0044715 -0.071753 0.14495 -0.039898 0.019927 -0.039102 0.074185 0.054993 0.14864 -0.19208 0.026595 -0.055596 0.11648 -0.13469 0.011811 -0.066998 -0.18686 -0.12171 0.071961 -0.16309 -0.028903 -0.14348 0.13681 -0.044498 -0.08476 0.0090978 0.050543 -0.062394
0.12201 0.072104 -0.040771 0.088541 0.069674 0.066417 0.076926 -0.27619 0.015629 0.051333 0.076342 -0.17776 -0.019235 -0.24954 0.013756 0.025743 0.16905 0.091778 0.028559 -0.018823 0.024955 -0.090545 -0.13142 -0.090584 -0.044228 -0.10265 0.015877 0.16 0.027229 -0.097184
0.0083972 0.09362 0.011666 -0.10314 0.053279 0.057078 0.01643 0.263 0.067598 -0.05331 -0.036403 -0.0079735 -0.0885 -0.043104 0.0013456 -0.20348 -0.054104 0.14828 0.061787 0.041541 0.077276 0.053754 0.15256 0.012731 -0.02813 0.068413 -0.13382 0.11151 0.011995 -0.13352
-0.13633 0.24886 0.095381 -0.18515 0.050712 0.19132 0.134 0.21101 0.096093 -0.026981 0.06988 -0.12763 -0.087075 -0.15332 -0.027933 0.12779 0.098241 -0.064781 0.10004 -0.036193 0.14779 0.075064 -0.0030084 -0.00073178 -0.091757 -0.079917 -0.013699 -0.28932 0.046187 -0.0024579
0.20099 -0.029604 -0.058009 0.085161 -0.068267 -0.024178 -0.10818 0.13605 -0.16885 -0.087985 0.077052 0.12259 -0.091905 -0.27488 -0.00070429 -0.10724 -0.23736 0.090604 -0.096496 -0.038713 -0.035845 0.0060764 -0.1201 -0.11575 -0.0038584 -0.13114 0.060115 -0.1236 -0.070023 0.30557
-0.092865 -0.0033069 -0.19032 -0.056059 0.15982 -0.039463 0.1245 0.14326 -0.11442 -0.03885 0.025171 -0.14077 -0.076181 -0.0043707 0.033385 -0.078966 -0.16851 0.063286 -0.045892 0.081017 -0.079365 0.10501 -0.020735 -0.022185 0.13093 -0.17254 -0.15791 -0.21441 0.045777 0.094305
0.15271 0.11789 -0.047637 -0.010964 0.099785 -0.077732 -0.036035 0.086698 0.08198 -0.0081254 0.25253 -0.0040687 -0.11442 -0.10129 0.10728 0.12763 0.068056 0.0084467 0.043591 -0.040712 -0.074586 -0.027581 0.20838 0.035216 0.14973 0.081853 0.051516 -0.12173 0.16878 0.052859
0.17199 0.19165 0.027571 0.023529 0.066504 -0.019588 0.14018 -0.033826 -0.000941 0.050109 -0.0017932 0.0076686 -0.058928 -0.13423 0.0071978 0.11802 -0.10976 0.11447 0.11216 -0.029817 -0.038026 -0.058949 -0.051953 -0.12414 -0.012472 0.042125 -0.22521 0.048775 0.15569 -0.0065814
-0.011061 -0.024063 -0.098435 0.033526 -0.072998 -0.067446 -0.13333 -0.03911 -0.046435 -0.19436 -0.12242 0.094925 -0.15051 -0.087544 -0.068954 -0.053184 -0.14743 0.015361 0.081258 -0.046126 0.10362 0.10957 0.041051 -0.10195 0.059678 -0.075319 -0.13117 -0.089026 -0.041654 -0.071393
0.026813 0.10359 -0.13502 -0.02196 -0.16452 -0.096436 0.065033 -0.17081 0.068521 0.18927 -0.018872 0.025815 -0.016716 -0.051719 0.0026368 0.091334 -0.029801 0.10384 -0.18197 0.015672 -0.026467 -0.035353 -0.15405 -0.10807 -0.14316 0.056114 0.13719 0.072717 0.016991 0.13309
-0.022448 -0.049167 -0.0078025 0.10272 -0.033031 0.16003 -0.093465 -0.11809 -0.02697 0.15945 0.15384 0.0091758 -0.0031546 0.016021 -0.30699 -0.040422 0.17043 -0.083449 -0.020754 0.14572 0.18161 -0.22938 0.034889 -0.097224 0.11596 0.13143 -0.00094306 -0.08514 -0.031705 -0.12402
-0.12214 0.078692 -0.045784 0.2195 0.045276 0.062721 -0.12548 0.086046 -0.018472 0.081531 -0.084474 0.12531 0.064328 -0.090767 -0.30813 0.12458 0.059394 -0.18926 -0.1067 0.095714 0.051615 -0.055218 0.15717 -0.027568 0.12695 -0.024418 -0.17702 -0.018985 0.017334 0.024816
0.15153 0.016786 0.040712 0.086422 -0.03652 0.093671 -0.062862 0.055336 0.066224 -0.044632 0.010768 0.13897 0.073306 -0.262 0.032681 0.078104 -0.010895 0.027025 0.022818 -0.0067306 -0.025355 -0.079899 0.057581 -0.045431 -0.15401 -0.034213 0.091039 -0.12224 0.08116 -0.08049
-0.089024 0.13932 0.012717 -0.024339 -0.091404 -0.083582 -0.069352 -0.13561 -0.12938 0.067468 0.056822 -0.0034636 0.05061 -0.057891 -0.028566 -0.082448 0.072883 -0.033991 0.0090255 -0.050154 0.10081 -0.065342 0.053103 0.060148 -0.018044 -0.089015 -0.019967 -0.062145 0.0048717 0.20385
0.074679 -0.10701 0.072465 0.20358 0.1079 0.0093217 -0.042837 -0.018242 0.021441 0.096346 0.057673 -0.038804 -0.040966 -0.0067085 0.04416 0.017189 0.049234 -0.092036 -0.036734 -0.011336 -0.058801 -0.0968 0.10723 -0.068832 0.090512 0.12464 0.056726 0.076834 -0.033227 -0.005432
-0.0041292 0.063926 0.010901 0.22207 0.2389 0.067154 0.067941 0.011398 0.030245 0.12957 0.14054 0.020688 -0.084866 0.060776 -0.13095 0.021646 -0.023549 -0.016575 -0.069876 0.014892 0.07338 -0.046938 0.018428 0.036668 -0.14938 -0.1005 0.031454 -0.092966 0.14972 -0.045329
-0.063029 0.10663 -0.19857 0.086666 0.15651 -0.049849 -0.023076 -0.035821 -0.12379 -0.032154 0.00097489 0.1762 -0.0017752 -0.030439 -0.075767 0.07653 0.052433 0.14872 -0.081214 0.13797 0.041184 -0.056434 -0.0090341 -0.0077843 -0.010212 -0.0080277 0.083067 -0.092155 -0.15599 -0.050958
-0.065088 -0.067731 -0.015136 0.027905 0.00043284 -0.049315 0.074134 -0.31306 -0.12893 -0.0099904 0.19014 -0.0025227 0.03007 0.0070436 0.098343 0.061261 -0.038725 0.12099 0.021105 -0.052238 0.016659 0.17159 0.065799 -0.028865 -0.062051 -0.067093 -0.059352 0.11048 -0.11064 0.33672
0.10952 0.064698 -0.082005 0.036478 0.1133 0.17744 0.10443 0.017923 0.15881 0.19544 0.011183 0.0053801 -0.27873 -0.042971 0.10551 -0.036347 -0.21022 0.16948 0.069363 0.101 -0.043253 -0.052992 0.138 -0.01705 0.06784 -0.03724 0.0037959 0.15052 0.019758 -0.090016
0.025461 0.14609 0.11224 -0.077513 0.016062 0.2248 -0.058444 0.11958 -0.20096 0.038055 0.12126 -0.003188 -0.20302 -0.1015 -0.16361 0.11742 0.047165 -0.068558 -0.10272 -0.075479 -0.035384 -0.062517 0.26347 -0.08999 0.037879 -0.14001 0.059893 -0.010091 0.091562 -0.051947
0.016506 -0.014799 -0.038454 -0.25945 0.1414 0.13419 0.092947 0.15088 -0.11526 -0.16488 -0.096131 -0.027431 -0.14831 -0.27332 -0.13824 0.041988 -0.14743 0.1458 0.21535 -0.20753 0.17333 -0.028017 -0.017055 -0.14372 -0.053623 0.03692 0.094268 -0.10128 -0.041597 0.077828
0.056476 -0.040608 -0.11601 -0.068987 -0.068425 0.11267 -0.13616 0.13879 -0.056988 0.072083 -0.085753 0.10641 -0.033628 0.043446 0.14139 -0.079638 -0.045674 -0.15388 0.014294 -0.12874 0.06165 0.084176 0.036738 0.033139 0.015007 0.026734 0.123 -0.25562 0.0011307 0.2144
-0.17306 -0.16211 -0.082589 0.18159 0.055673 0.028309 -0.12574 0.027858 -0.074341 0.050647 0.022192 -0.1665 0.041145 -0.11547 0.13149 -0.096208 -0.0065581 0.018844 0.060272 -0.13268 0.023219 -0.062076 0.02965 -0.081686 0.07462 -0.16051 -0.0098367 -0.069941 -0.094616 -0.058197
0.04739 -0.032069 -0.050924 0.070156 0.1011 -0.00046601 -0.25705 -0.049689 -0.16111 0.07097 -0.099669 0.20352 -0.15712 -0.17897 0.24062 -0.14283 -0.084968 -0.057942 0.13592 -0.061764 0.1131 -0.032359 0.16135 -0.24685 -0.050381 0.11703 -0.11029 -0.085344 -0.073134 -0.14069
-0.020408 -0.064357 -0.021839 -0.083115 0.041289 -0.15294 -0.026705 -0.12392 -0.073317 0.00084927 0.020722 0.022402 0.091304 -0.14903 0.057172 0.14152 -0.022929 0.056123 0.11454 0.11509 0.044833 0.13201 -0.033213 0.053463 -0.058815 0.12333 0.051927 0.018082 0.043528 -0.0076312
-0.044642 0.12662 -0.23014 -0.0089649 -0.12666 0.027638 0.1281 0.18462 -0.016085 0.082878 -0.090541 -0.15333 -0.1455 -0.19473 0.10409 0.014585 0.15512 -0.091452 -0.075698 -0.03134 -0.0023669 -0.068829 -0.058938 -0.16251 0.089858 -0.13349 0.016616 -0.035285 0.068052 0.11985
-0.12234 0.027214 0.057633 0.11069 0.14113 -0.015818 0.064544 -0.22604 -0.035317 0.0094671 -0.054208 0.11997 0.051087 0.074354 1.0227e-05 -0.031057 -0.0013462 0.13545 -0.024365 -0.040448 0.0068748 -0.070228 -0.048353 -0.011132 0.01161 -0.18666 -0.061068 -0.1063 -0.023941 0.024608
-0.016559 -0.060704 -0.010239 -0.056734 -0.023171 0.095082 -0.0052115 0.12267 -0.0062711 0.10768 -0.11567 0.20792 0.056908 -0.048967 0.034192 0.09683 0.019559 0.047069 0.068613 0.064601 0.12554 -0.18986 0.074322 0.010948 -0.058262 0.020361 -0.15463 0.17381 0.0055137 -0.17151
0.083508 0.16234 0.10551 0.0065577 -0.059349 -0.025384 -0.043878 0.0903 -0.1424 0.031786 -0.077739 0.0023537 -0.018176 0.052119 0.045088 0.028246 0.10047 0.1594 -0.13157 -0.099884 0.15612 -0.15596 -0.01024 -0.17484 -0.10618 -0.06291 0.14458 -0.21121 0.072812 -0.12135
0.049504 -0.037144 -0.0018397 -0.048362 -0.0055874 0.086579 0.07079 -0.038928 -0.012043 0.024439 -0.012325 0.037975 -0.11957 0.060365 -0.14301 -0.15745 0.027432 0.13422 -0.083028 0.042039 0.011011 0.044278 -0.097021 -0.026949 0.0068709 0.0028697 0.10036 0.15454 0.086829 0.26577
-0.10687 -0.038432 -0.058342 0.047349 -0.049779 0.042377 -0.066734 -0.1764 -0.09233 0.0024291 0.080105 0.0099916 0.022767 0.053742 0.09691 0.050764 -0.06707 -0.22091 -0.081629 -0.084583 0.092361 -0.050921 0.047922 -0.032422 0.055129 -0.099933 -0.10179 0.14841 -1.1399e-05 0.067649
0.065712 0.066457 -0.17359 0.14004 0.027035 -0.0064785 -0.061988 -0.066302 0.051152 -0.077261 -0.027136 -0.013548 -0.10927 -0.17427 0.0044246 0.070374 -0.033399 -0.078206 -0.13121 -0.16229 0.17617 -0.14123 0.05667 0.042724 -0.012318 0.12818 -0.083343 0.063149 0.03909 0.049851
-0.0061159 -0.15961 0.17692 0.063344 0.13597 -0.20969 0.16505 -0.036972 0.0044914 0.23127 0.14225 0.064159 0.081003 -0.037189 0.032714 -0.010835 -0.00055862 -0.0795 0.036526 0.038819 0.010529 -0.002743 -0.086989 -0.10265 0.057703 0.058404 0.15276 -0.20409 -0.13891 0.0086818
0.11738 -0.085474 0.12153 -0.016056 0.11648 -0.019617 -0.11123 0.15679 -0.1653 0.030597 0.001938 0.17958 -0.058529 0.10281 0.075642 -0.022046 0.015913 -0.085934 -0.21475 0.04569 0.088668 0.1101 0.020872 -0.16811 0.17719 0.12141 0.064893 -0.035001 -0.13556 0.15609
-0.075854 -0.13899 -0.022647 0.014588 0.085353 0.16109 0.1143 -0.001862 0.089062 0.025789 -0.14306 0.010033 0.020308 -0.27571 0.070308 -0.093301 -0.033221 0.13117 0.003679 -0.091017 -0.090788 0.14459 0.20964 0.092049 -0.13134 0.040287 -0.12352 -0.066967 -0.0056777 0.00080519
0.012991 -0.030161 -0.061308 -0.15613 0.0062974 0.079041 -0.063103 -0.16867 0.073676 -0.049426 0.019633 0.20022 -0.01682 -0.1291 -0.20904 0.066046 0.037819 0.07091 0.096542 -0.10965 -0.013914 0.023908 0.16663 -0.04438 -0.14135 0.053137 0.18688 -0.0058184 0.071742 0.020781
0.079703 -0.18563 -0.063643 -0.12137 0.0036055 -0.098083 -0.1647 0.0451 0.041362 -0.0098043 -0.1519 0.20118 -0.030905 -0.080568 -0.082246 -0.13102 -0.085491 0.034877 0.020763 0.012878 -0.15592 0.086258 0.24625 -0.15837 0.11734 -0.04938 0.025104 0.0061884 0.19149 -0.044291
0.13787 -0.04248 -0.0094568 -0.23584 0.012132 -0.1761 0.13644 -0.17566 0.0047006 0.054344 -0.035836 0.13409 -0.037118 -0.17506 0.025258 -0.021055 -0.10381 0.017718 -0.016514 -7.1782e-05 -0.033778 0.040827 -0.022564 -0.14764 0.0099034 0.053801 0.070999 -0.13198 -0.07488 -0.10439
-0.021067 0.035315 -0.24377 -0.044319 0.20679 -9.635e-05 0.13345 -0.15192 -0.067071 0.045969 0.013574 0.012317 -0.028026 0.073111 0.040527 -0.11221 -0.075775 0.012767 -0.052401 -0.0073289 -0.017426 -0.065738 0.0082804 0.027211 0.056601 -0.10249 -0.06392 0.14085 0.041118 -0.15952
-0.034267 -0.049312 0.080683 0.082978 0.1594 0.023718 -0.28221 -0.0080145 -0.21458 -0.078307 -0.00065659 0.21832 -0.017333 -0.19898 0.025781 -0.24684 -0.0070846 -0.074292 -0.0047635 0.0042912 -0.045001 -0.0045689 -0.087834 -0.04094 0.11884 0.14622 -0.069004 0.12956 -0.0052261 0.03498
0.05469 -0.091895 -0.12333 -0.095404 -0.16277 0.046091 0.15179 -0.12771 -0.029285 0.0035432 -0.092809 -0.12206 -0.085024 -0.14217 -0.10727 0.060533 -0.026964 0.0032692 0.034355 -0.10165 0.049691 0.2325 -0.10214 -0.12217 0.033158 -0.025793 -0.016182 -0.14267 0.093844 -0.045719
-0.11745 -0.053977 0.16301 -0.012135 -0.049853 -0.10911 -0.12804 0.021283 0.068392 -0.15703 -0.21223 -0.02846 0.056014 -0.044055 0.010682 -0.14868 0.00011295 -0.12284 0.0093553 -0.040297 -0.052212 -0.0039561 -0.14066 -0.022575 -0.095847 -0.20292 0.073124 0.060235 0.015358 -0.077383
-0.035171 -0.069595 0.15592 0.084396 -0.019515 -0.1524 -0.083506 -0.099899 -0.10778 -0.11397 -0.060297 0.019232 0.0085148 -0.07192 -0.082588 0.017297 0.087378 -0.00086272 -0.0007495 -0.11242 -0.12034 -0.0018321 -0.033799 0.048716 -0.068585 -0.08484 0.10166 -0.076627 0.19018 -0.033512
0.26859 -0.15217 -0.13454 0.030609 0.10007 0.09268 -0.084742 -0.059332 -0.097755 -0.031869 -0.090466 0.038238 -0.0055566 -0.15198 0.16727 0.16986 -0.22407 -0.11887 -0.16618 0.0034841 -0.19896 -0.066227 -0.085886 0.048471 0.11585 -0.085016 0.0065757 0.088337 0.099009 -0.037049
-0.11218 -0.049286 -0.092419 -0.084677 0.054489 -0.12814 0.036467 -0.17198 -0.1477 0.034319 -0.11766 -0.040275 -0.098196 0.13914 0.074586 -0.166 -0.10042 -0.039144 0.081397 0.020422 -0.04924 -0.202 -0.19744 -0.01792 -0.11279 0.0010092 0.25663 0.030772 -0.034802 0.035447
0.10233 0.028078 -0.030296 -0.17445 -0.031605 -8.0384e-05 -0.048601 0.1136 -0.11832 0.090161 -0.038698 -0.051372 -0.052432 0.058918 -0.0054761 0.038714 0.0093992 -0.097286 0.01154 -0.042893 0.15465 -0.025003 -0.29355 -0.17998 0.0084851 -0.053002 0.11371 -0.014179 -0.023047 -0.091052
-0.14418 -0.45592 0.094 0.20741 -0.040118 -0.2216 -0.11473 -0.043842 -0.24662 0.20808 -0.28353 0.3138 -0.13197 0.13569 0.087913 -0.037458 -0.025107 0.079772 -0.1831 -0.21511 0.24484 -0.037826 0.03239 -0.072806 0.047792 -0.093968 0.1471 0.03509 -0.06799 0.10698
0.090886 -0.010183 0.014743 0.068096 -0.07659 0.031096 0.020313 0.1081 -0.083222 -0.06074 -0.029287 0.047544 0.12462 -0.030021 0.015966 -0.11216 -0.075263 -0.14597 0.032524 0.089491 -0.027355 -0.009792 0.0029405 0.087991 0.069225 -0.084745 -0.0844 -0.0043761 -0.0024844 0.13538
0.015724 0.014843 0.12987 -0.083728 -0.010026 -0.056703 0.019659 0.11216 -0.0063505 -0.24285 -0.063134 -0.075645 -0.022281 0.18594 -0.030924 0.077865 -0.016362 -0.075539 -0.098488 -0.03064 -0.0029882 -0.021781 0.069288 0.0046615 -0.039855 0.096516 0.15696 -0.12048 0.11798 -0.040525
-0.080473 -0.025337 0.026437 -0.015208 0.16776 -0.046426 -0.093052 0.08097 0.2175 0.15317 -0.035946 0.11441 -0.034758 0.059121 -0.067495 0.17684 -0.065753 0.09165 0.019192 0.031824 -0.023407 0.087108 0.046742 -0.028127 0.034263 0.10697 0.17067 -0.081578 -0.090651 -0.018139
-0.019217 -0.26849 -0.077765 0.0076408 0.14818 0.17529 0.011195 -0.061307 0.087831 0.065781 -0.17278 0.13463 0.1021 0.1452 -0.10507 -0.054572 -0.029665 0.077158 -0.10696 -0.097474 0.032758 -0.022258 0.017807 0.076771 0.014101 -0.029981 -0.084026 -0.066474 0.09062 0.047153
-0.078078 -0.16184 0.040273 0.099972 0.017831 -0.052207 0.098266 -0.2568 0.11193 0.098013 -0.13309 0.081794 -0.098963 -0.023327 -0.050882 0.031143 -0.083214 -0.12123 0.062503 -0.12611 -0.040643 -0.016048 0.17022 -0.083744 -0.095107 -0.043236 0.15736 0.29749 0.063158 -0.2373
-0.059129 -0.29899 -0.0054487 0.017866 0.086144 -0.042819 0.14328 -0.11889 0.13285 0.079943 -0.018143 -0.074435 -0.0096349 0.11495 0.083305 -0.048619 0.10348 -0.048758 0.011566 0.16071 -0.059489 -0.17517 -0.0067561 -0.053667 -0.21732 0.063446 0.023549 -0.098083 -0.089486 -0.25646
-0.077748 -0.16412 0.040648 -0.16196 0.092214 -0.10655 -0.11499 -0.15483 0.049659 0.10771 0.042563 -0.10563 0.099788 0.078319 -0.18627 0.10918 0.00089768 0.0042051 0.096017 -0.21574 0.0032209 0.043809 0.10685 0.029331 0.0087806 -0.11114 -0.1153 0.10754 0.077917 -0.098513
-0.054408 -0.027267 -0.092433 0.0035507 -0.082989 -0.12491 0.054978 -0.2892 0.12052 -0.050729 -0.14313 -0.02965 0.10278 -0.085546 0.057445 0.032291 -0.098081 -0.033788 0.14977 -0.039609 -0.013499 -0.038094 0.0043231 0.11798 -0.063123 0.10109 0.051907 -0.14539 0.076242 -0.093764
0.1407 0.057386 -0.12818 0.1585 -0.086042 -0.19667 -0.013974 -0.10239 -0.046307 -0.043965 -0.14838 0.12552 -0.073692 0.15235 -0.23011 0.034974 -0.032216 -0.00043429 0.068408 -0.020028 -0.1849 0.12078 0.075153 0.10227 0.090904 -0.031153 0.037037 0.034246 0.17711 -0.058237
-0.10619 0.00058255 -0.17601 0.021044 -0.11132 -0.078573 -0.037844 0.14842 -0.013898 -0.016413 -0.021076 -0.05568 0.064231 0.10646 -0.0028064 0.13176 -0.0052874 -0.044233 -0.0062982 0.057565 -0.022194 -0.078893 0.018062 -0.13313 -0.070682 -0.044784 0.092683 0.0080643 -0.063086 -0.28659
0.26359 -0.023105 0.036123 0.083622 0.078876 -0.048017 0.071672 0.12288 0.087012 -0.099118 -0.12936 -0.021773 0.012337 0.024141 -0.037619 0.084223 -0.11081 -0.052757 0.044254 -0.098959 -0.062895 0.096176 0.07803 0.035619 0.012057 0.16839 -0.1062 -0.1372 -0.15941 0.039485
0.1357 -0.042568 0.041447 0.22287 -0.031595 -0.11766 0.0042603 -0.20986 0.00070939 -0.016067 -0.10766 0.080717 -0.042091 0.10191 0.093064 -0.059935 -0.05701 -0.0017926 0.0040242 0.0030162 0.21338 0.068026 -0.046927 0.10911 0.049487 0.031313 -0.056672 -0.099419 -0.10871 -0.18625
-0.012948 -0.095712 -0.014877 0.05428 0.061348 -0.21025 -0.077895 0.071708 0.035107 0.12055 0.068397 0.07944 -0.042359 -0.0674 0.029188 -0.09316 0.081554 0.05347 -0.064097 0.056592 -0.096891 -0.034877 -0.15467 -0.032156 0.044041 -0.030247 0.034854 0.10015 0.045777 -0.02618
-0.0105 -0.082597 0.077473 -0.0535 0.17974 0.020433 -0.094408 -0.047832 0.098345 0.0052362 -0.11134 -0.067142 0.10967 -0.045891 0.22499 0.18582 -0.081211 0.071929 -0.17593 -0.10219 0.15994 -0.050116 -0.0024761 -0.035302 0.10604 0.019524 0.03615 0.16281 0.10395 -0.028674
-0.010052 0.072652 -0.092641 0.052372 0.11814 0.0025336 -0.11937 0.13256 0.038624 0.061691 -0.077458 0.042584 0.24233 -0.033248 0.03148 -0.026753 -0.047462 0.076445 -0.13287 0.024043 0.022867 0.16375 0.091705 -0.10269 0.020987 -0.043099 -0.034424 -0.12431 0.16862 -0.11877
-0.026256 0.01405 -0.20787 0.049401 -0.042865 -0.10582 -0.089501 -0.062667 0.044934 -0.0046604 0.082916 0.21422 -0.053428 -0.057966 0.01436 -0.1738 0.08305 -0.069238 -0.14924 -0.022184 0.13918 -0.035046 -0.00085761 -0.081463 0.17948 0.01403 0.0049431 0.14791 -0.12745 -0.15156
0.00078122 -0.040527 -0.10029 -0.10329 -0.15223 -0.044699 -0.046227 0.064506 -0.10222 -0.10522 -0.1526 0.012404 0.036439 -0.11788 0.0049897 -0.071468 0.038417 0.010404 -0.065617 0.089195 0.090192 -0.17881 -0.063699 -0.16629 -0.093256 -0.0009596 0.040137 0.10436 0.104 0.087005
0.096801 -0.043083 -0.10657 -0.054503 0.089334 0.066236 0.17579 0.03912 -0.086089 0.10274 -0.13994 0.087112 -0.015948 0.048421 0.041505 -0.015176 0.031638 -0.12102 -0.154 0.074911 -0.071488 0.16308 -0.038818 -0.0575 0.20109 0.088731 0.034482 0.07723 0.087427 0.035187
0.016651 -0.087758 0.040764 -0.13924 0.041822 -0.062288 -0.018441 0.17036 -0.10054 -0.054759 -0.083125 -0.17772 -0.029506 0.053614 -0.11239 0.041327 -0.0063313 -0.026723 0.058178 -0.052021 -0.094724 0.038323 -0.048632 0.091765 0.08485 0.027589 0.034475 -0.037366 -0.056257 0.019444
0.03319 -0.26677 0.13321 -0.082548 0.014574 -0.10729 -0.020348 0.0051834 0.054889 -0.10367 0.088732 0.022612 -0.12047 0.11776 -0.0055606 -0.078586 -0.084394 -0.16858 0.015918 -0.081216 0.20367 -0.059582 0.01765 -0.029891 -0.12207 -0.019879 -0.15267 -0.13049 -0.0072699 0.042353
0.0014971 -0.22731 -0.12106 0.016869 0.10533 -0.12978 0.013883 -0.069006 -0.028307 -0.10488 -0.18428 0.10624 -0.12618 0.14047 -0.038651 -0.22171 0.2653 0.10118 -0.18384 -0.21856 -0.016693 0.038768 0.062603 0.13146 0.031388 -0.1102 0.10268 0.10776 0.2292 -0.020608
-0.037991 -0.019537 0.024302 -0.13354 0.027774 -0.01369 -0.15428 -0.078404 0.11817 0.037511 -0.051381 -0.058419 0.097133 0.25471 0.21201 0.082701 0.28057 -0.010347 -0.20811 -0.14582 -0.053116 0.0077817 0.10083 -0.11504 0.059574 -0.078983 -0.20171 0.047869 -0.081409 -0.35962
-0.036737 -0.1738 -0.16415 -0.025137 0.11227 0.12497 -0.082014 -0.046355 -0.027118 -0.12353 0.053779 -0.081821 0.10948 0.047038 0.12574 0.076104 0.022776 0.16933 -0.047915 -0.14696 -0.12649 0.025373 -0.067951 -0.027007 -0.063749 0.1334 0.083572 0.035045 0.046722 -0.056308
0.079869 -0.15756 0.024864 0.12012 0.088379 -0.21727 -0.043456 -0.069339 -0.028952 0.11152 0.15328 -0.1194 0.044738 0.15485 -0.034226 0.19393 -0.31824 0.063614 0.050311 -0.15545 -0.079234 0.049707 0.063417 -0.069092 -0.12996 0.16076 -0.022931 0.078397 -0.056474 -0.12636
-0.0094396 0.087245 0.020043 0.047034 -0.0797 0.097644 0.19894 -0.10595 0.10496 0.0068824 -0.12914 -0.14135 -0.068855 0.23091 0.067518 0.011172 -0.24055 -0.059521 -0.052594 -0.12683 0.047769 0.13339 0.017228 0.026203 0.072268 -0.090664 0.099913 -0.048115 -0.065883 0.096033
-0.063952 0.12875 -0.038695 -0.11627 -0.12278 -0.079194 -0.15662 -0.049703 0.23663 -0.013785 -0.10977 0.13509 0.038033 0.28615 -0.20693 -9.2632e-05 -0.077179 0.011353 -0.1483 -0.052045 -0.07093 0.035095 -0.046106 0.007515 -0.14939 0.13115 0.038417 -0.013347 0.17482 -0.16213
0.094695 0.12601 0.035815 -0.0088703 -0.12673 0.038018 0.09893 0.08521 0.1175 -0.0052523 0.066897 0.1426 -0.007026 0.055756 0.11363 -0.066249 -0.023318 0.016492 -0.14486 0.03417 -0.056495 0.039001 0.050955 -0.085609 -0.037482 -0.12809 0.062022 0.042785 -0.0020346 -0.075415
-0.071369 0.0053679 -0.022241 -0.012568 0.12938 -0.036999 -0.0052574 0.039044 -0.03411 0.085267 -0.095659 -0.031243 -0.02137 -0.077002 -0.025037 0.07257 -0.013801 0.03546 0.084343 -0.065437 0.1198 -0.010615 -0.03547 0.0115 0.23561 -0.13937 0.16382 -0.038516 0.032084 -0.051336
-0.016898 -0.20156 0.010027 -0.054719 -0.00491 0.0076984 -0.092875 0.11311 0.064685 -0.088258 0.049938 -0.11341 -0.0019825 -0.077852 -0.12739 0.06317 -0.13268 0.057205 -0.020666 -0.037687 0.12433 -0.081101 -0.16738 0.13232 -0.037154 0.074987 -0.010719 0.032535 -0.10154 -0.13103
-0.060741 -0.066661 -0.0084243 0.038429 0.041496 -0.051468 -0.079663 -0.077457 0.038261 0.0042118 -0.11681 -0.05405 0.011638 0.079159 0.15508 -0.027873 -0.077829 0.0070469 0.025456 -0.10213 0.028468 0.029955 -0.025141 -0.034698 0.022201 -0.057398 0.073274 0.098325 0.030605 -0.10419
0.010597 0.032198 -0.064471 -0.31794 -0.053043 0.015279 0.031452 0.035175 0.0044357 0.12737 -0.032738 -0.16292 0.00073291 0.1807 0.0028959 -0.038207 0.0036462 -0.054504 -0.073115 -0.04057 -0.1754 -0.11421 -0.069416 0.0078481 0.13154 0.016141 0.013492 -0.029321 -0.15014 -0.13491
0.033655 -0.18769 0.024445 0.12524 0.079727 0.067774 -0.21018 0.11172 -0.092111 0.037833 -0.021929 -0.17915 0.013125 0.011405 -0.075709 -0.11535 0.0022138 0.15304 -0.039352 -0.0079074 0.22645 0.058497 -0.13143 0.087857 -0.011706 0.060925 -0.20848 0.089635 -0.13989 -0.058213
0.0781 0.028005 -0.018539 0.064983 0.044623 -0.26043 -0.20094 0.032429 -0.023806 0.0084081 0.017858 0.075252 0.1129 -0.093336 0.10467 -0.082392 -0.0060352 0.04709 0.09847 -0.23052 0.09809 0.016165 -0.23308 0.078542 -0.015002 -0.096438 -0.083479 0.030715 0.013403 -0.0032558
0.021265 0.076567 -0.11386 -0.077054 0.029017 -0.072621 -0.11715 -0.019043 0.080664 0.016016 -0.041646 0.011989 -0.054358 -0.1061 0.095886 0.053167 -0.045245 0.073328 -0.069978 -0.0645 0.13978 0.16193 -0.038303 -0.0092437 0.062657 -0.062509 -0.16878 0.0065211 -0.064973 0.025069
-0.061584 0.0088501 -0.06484 -0.22054 0.046787 0.06322 -0.24215 0.063851 0.021826 -0.11603 -0.046457 -0.11467 0.35984 0.1404 -0.065432 -0.16652 0.056812 0.089913 0.010075 0.072041 -0.14087 0.14253 0.067368 0.18535 -0.030665 -0.029307 0.26054 0.082873 0.08709 -0.11371
-0.036544 -0.051308 -0.016719 -0.094613 -0.062775 0.087621 -0.23963 -0.014805 -0.018317 -0.01381 -0.049803 -0.10148 -0.039979 -0.011111 0.0782 -0.0084214 0.13696 0.044954 -0.14798 0.038472 0.17049 0.080414 -0.083118 0.036418 -0.059203 -0.10052 -0.0015942 0.080024 -0.07908 -0.017108
-0.086503 -0.060033 -0.091954 0.022524 0.12939 -0.029697 0.058801 0.049272 0.14823 0.071399 -0.11094 -0.0019031 -0.094865 0.076716 -0.060645 0.19043 0.17799 0.091133 -0.052154 0.017159 -0.026101 0.20035 -0.1861 0.14108 -0.014341 0.0069303 -0.022332 0.062489 0.097717 0.11105
0.0086402 0.10319 0.035905 0.23149 -0.022979 -0.080948 0.0686 0.035402 0.14305 0.1441 0.0027639 0.091055 0.057427 0.31802 0.0018722 0.0716 0.20987 -0.094718 0.12956 -0.043499 -0.18149 0.086694 0.093555 0.08617 0.16292 0.032231 -0.23339 0.12926 -0.026864 -0.084551
-0.032389 -0.054279 -0.11406 0.049766 0.17304 -0.0086951 0.013121 0.0055755 0.048987 -0.056843 0.1687 0.048696 -0.10951 0.13366 -0.18005 0.022928 0.13353 0.0071713 -0.10048 -0.16228 -0.028003 0.058441 -0.034843 0.033342 0.22714 -0.083455 0.052765 0.044998 -0.070363 0.16792
-0.057147 0.0092274 -0.15466 0.15495 0.069249 -0.01817 -0.075361 0.020691 0.0085694 -0.064656 -0.1577 -0.06571 0.14292 -0.087851 -0.072837 0.034347 0.089403 0.00016241 0.048819 -0.011604 -0.024031 -0.033426 -0.073653 0.2061 -0.08553 0.014787 0.19008 -0.013013 -0.040212 -0.023036
0.1044 -0.046519 0.066443 0.20028 -0.0087902 0.094295 -0.12137 0.060727 0.17714 -0.06783 -0.016916 -0.045274 -0.079069 -0.094787 0.013884 0.01049 -0.19302 -0.0082904 -0.033231 -0.086468 0.038109 0.018723 -0.16224 0.029877 -0.080654 0.036352 0.057693 -0.11737 0.16267 -0.037771
-0.013361 0.044464 0.069802 0.057563 0.076841 -0.022532 -0.16768 0.064122 0.1564 -0.0075424 0.076783 0.026758 0.091231 0.17468 0.085249 -0.054659 0.04969 0.11759 0.049579 -0.090285 -0.045945 -0.08426 0.042074 0.065684 0.024151 -0.024763 -0.18261 -0.08997 0.065318 -0.054014
-0.083594 0.127 -0.050014 0.034515 -0.026991 0.1872 -0.068541 0.019067 0.070604 0.094761 0.055976 -0.023481 -0.00017979 0.07627 -0.030137 -0.19016 0.13589 0.0027641 0.13144 0.015758 -0.054014 -0.12846 -0.037146 -0.046543 0.060723 -0.19753 -0.048614 0.037795 0.10314 0.037909
0.089265 -0.11354 0.20237 -0.052035 -0.041862 0.053819 0.01895 0.00029651 0.0089405 0.036261 -0.082795 -0.05255 0.018457 0.030966 0.069421 -0.048143 -0.049544 -0.1206 0.020746 -0.068282 0.051105 0.015769 -0.016162 0.064383 0.00086485 0.087244 0.082636 -0.052876 0.13374 -0.08658
0.018882 -0.022094 0.033816 0.32072 0.13581 0.047192 -0.064893 -0.021559 0.18611 0.06835 -0.0029328 -0.24427 -0.010995 0.03705 -0.0058899 0.10712 -0.015187 0.039441 -0.074165 0.034509 0.051 0.091427 -0.12424 0.0035837 0.066097 0.039525 0.090113 0.010111 0.20008 -0.19419
0.1811 0.067443 -0.031664 0.16076 -0.043188 -0.048968 0.094556 -0.0024893 0.062812 -0.12113 -0.071394 0.17227 -0.06211 0.22154 -0.082824 0.017278 0.093695 0.080735 -0.16614 0.12573 0.071297 -0.070793 0.15456 -0.073891 0.029756 -0.041811 -0.11179 0.035995 0.11128 0.15029
0.013742 -0.15264 0.01654 -0.020242 0.070534 0.010216 -0.013356 -0.037861 -0.15858 -0.021162 0.23901 0.040904 0.018501 0.018524 0.12004 -0.13417 0.016844 0.057111 -0.02473 -0.013702 -0.21846 0.10447 0.051917 -0.13679 0.062305 0.07801 0.069583 -0.00092044 0.030867 0.05826
0.13192 0.10677 0.057657 -0.15577 0.12008 -0.035557 -0.050133 0.15084 0.074022 0.10891 0.10634 -0.019724 0.049541 -0.27277 0.12522 -0.10515 0.15689 -0.017706 0.046795 0.0069179 0.034446 -0.011529 -0.10062 0.15941 -0.11233 0.051526 -0.027073 0.085947 -0.03434 -0.10362
-0.0058239 0.21179 0.0015517 0.1175 -0.11381 -0.000658 -0.05 0.10639 -0.02161 -0.052203 0.031238 -0.11124 -0.0035234 0.012728 0.032693 -0.10066 -0.022397 -0.047052 0.010734 -0.07138 -0.13054 -0.058674 -0.11097 0.10275 -0.01687 0.031256 -0.14435 -0.0059702 0.12635 -0.084083
0.019584 0.095463 -0.15941 0.10125 -0.050347 -0.065038 0.026367 -0.11398 -0.062649 0.017054 0.091053 -0.15554 0.042327 0.027461 0.18348 0.25961 -0.037929 0.019554 -0.029673 0.09542 -0.11228 0.091031 0.029603 0.032104 0.16555 -0.044283 -0.12305 -0.22015 -0.14135 -0.20681
0.085014 0.043289 -0.18338 0.043591 0.16691 0.025348 0.15259 -0.0048255 -0.1552 -0.10173 0.029492 0.073614 0.037892 -0.081627 0.0019011 -0.065716 0.075485 -0.10852 -0.060882 0.01958 -0.07624 0.040785 -0.014385 0.014955 -0.040027 0.012471 0.066594 0.060196 0.081586 -0.0032532
-0.0064977 0.057611 -0.080802 0.19964 0.0036728 0.12399 0.048213 0.054922 -0.095683 -0.1305 -0.020523 0.055241 -0.03252 -0.18306 0.14533 0.11781 -0.21286 0.12313 0.01358 0.079051 0.0094682 0.10635 -0.066231 0.16474 -0.050413 -0.061877 -0.0637 0.099212 0.12843 0.030333
-0.1865 0.38848 0.10655 0.042456 -0.016011 -0.11548 0.075236 0.081369 0.16126 0.0046898 -0.046584 -0.2041 -0.15866 -0.1104 0.014493 -0.10106 -0.0024168 -0.048137 0.010625 0.279 0.24705 -0.045011 -0.16613 0.09821 0.067562 -0.12668 -0.058027 0.19057 0.0029198 0.089054
0.034283 0.23364 0.046131 0.19364 -0.03312 -0.12575 -0.21826 0.017199 0.023003 -0.026945 0.08273 -0.050933 -0.22358 -0.077203 0.083558 0.025195 0.0073692 0.015022 0.030395 0.10853 0.10147 0.05498 -0.078909 -0.040787 0.15294 0.025251 -0.053292 -0.10182 -0.040375 0.011014
-0.031896 0.036834 0.083157 -0.019722 0.052589 -0.06758 0.1503 0.0048289 -0.19848 0.16485 -0.03236 -0.076565 -0.16937 0.17277 0.12158 -0.10819 0.033701 0.095481 -0.099719 0.05446 0.061996 0.080674 -0.0052994 -0.059404 0.065955 -0.08224 0.055076 0.099152 -0.11908 -0.085715
0.003371 0.090249 0.051143 -0.058043 -0.1204 -0.018126 0.033695 0.020724 0.21052 0.0353 0.19298 -0.22809 0.066368 -0.035619 0.069077 0.058732 -0.14057 -0.1149 0.011003 -0.039653 -0.082126 0.11638 -0.012221 -0.017076 0.038436 0.046682 -0.098447 -0.099566 -0.048182 0.05372
-0.044486 0.22327 0.10033 -0.016052 -0.069321 -0.1399 0.071507 -0.030192 -0.0031141 -0.030149 0.19412 -0.11861 0.13949 -0.030538 0.071447 -0.075798 -0.021194 0.049043 0.17111 0.14867 0.086504 0.021734 -0.10051 -0.061662 -0.037256 0.0019465 -0.011625 -0.024576 -0.15654 0.0047487
-0.11529 0.095248 0.038776 0.032627 0.27323 0.086274 -0.17987 -0.1016 0.037681 -0.069736 0.090071 0.25833 0.084358 0.0027344 0.17381 -0.089561 -0.14981 0.058487 -0.074133 0.067114 -0.00664 -0.11153 -0.21862 -0.0031079 0.064203 0.025633 -0.017886 -0.18602 0.0022513 -0.0058769
-0.073872 0.29336 -0.14408 0.21635 0.12958 0.028431 0.10761 -0.11847 0.099891 0.0071853 0.13192 0.12168 -0.047699 -0.066579 -0.10446 0.12922 0.17982 0.12723 0.13638 0.075207 -0.075753 0.13459 -0.021821 0.13855 0.12948 -0.073368 0.18513 -0.13335 -0.09691 -0.012944
0.24546 0.074371 -0.059248 0.057233 -0.019098 0.14329 -0.13971 0.12879 0.13348 0.0066924 0.082866 -0.073076 0.0148 0.097699 0.096421 -0.034246 0.023012 0.17751 -0.0038047 0.00035647 -0.20201 0.11839 -0.059604 -0.0020335 0.19774 0.00095113 0.10475 -0.080532 0.092859 -0.0094579
-0.060328 0.14221 -0.028259 0.061613 -0.059461 -0.017792 0.14756 -0.061283 0.10209 0.12545 -0.019133 0.056332 -0.14855 0.0057696 0.019226 -0.12176 0.00087685 0.17921 -0.16588 0.10901 0.071648 0.080735 0.006762 0.042646 -0.027115 -0.011318 0.097524 -0.092135 -0.10274 0.096518
0.17863 0.10201 -0.050273 0.027609 -0.02719 0.017 -0.064017 -0.0077821 -0.071902 0.14358 -0.10323 0.041249 -0.21609 0.027749 0.10716 0.020365 -0.039409 0.24855 0.10856 0.13104 -0.095695 0.079205 0.015917 0.14633 -0.057939 -0.011066 -0.097819 -0.17212 -0.027843 -0.15678
0.084405 0.20319 0.25187 0.016042 0.023473 0.097236 0.058488 -0.16987 0.089004 0.024092 0.14791 0.1833 -0.065863 -0.10035 0.20452 -0.076241 0.15718 -0.09013 0.088877 0.099719 -0.11916 -0.10516 0.11326 -0.04713 0.096531 0.062358 -0.081206 0.020288 0.076587 0.10961
-0.12063 0.2429 -0.27174 0.048358 0.020174 0.074926 -0.11457 0.13617 -0.011972 0.10986 -0.022069 0.017059 0.25526 -0.1023 -0.011884 0.19107 0.013359 -0.056217 -0.056778 0.26882 -0.235 -0.11131 0.022341 0.020844 -0.024652 -0.065353 -0.034119 -0.16106 -0.049852 -0.075472
0.042227 0.063218 0.073488 0.045897 -0.052603 -0.19977 0.017603 0.036468 0.023805 -0.03737 0.19008 0.12607 -0.0028665 -0.0048912 0.11073 -0.018256 -0.11182 0.050054 -0.064373 0.071102 -0.10475 0.073215 -0.059614 0.023741 0.040987 -0.073104 -0.24469 0.061708 -0.062234 -0.10125
-0.043752 -0.0083466 -0.0098644 0.084337 -0.042433 0.012621 -0.091772 -0.22595 0.14298 0.073814 0.10503 0.26612 0.089617 -0.0046255 0.12521 0.0057145 0.080893 -0.11904 0.076877 -0.072399 -0.0093707 0.017308 -0.070458 0.034699 0.062353 -0.16824 -0.1248 -0.15424 0.12607 0.081793
-0.12584 0.20832 -0.007099 -0.0011821 -0.12174 0.00018198 -0.13628 -0.13585 0.13152 -0.026898 0.15459 0.17396 0.18494 -0.042621 -0.0065154 -0.13842 0.13463 -0.10687 -0.041769 0.00418 -0.0031599 -0.13624 -0.051699 0.038283 -0.049357 0.029047 -0.18103 -0.010178 -0.0046125 0.017315
