0.11314 0.02804 -0.088279 0.20457 -0.020006 0.19398
-0.093113 -0.13084 0.024257 0.041809 0.0038441 -0.82778
-0.11027 -0.03886 0.0010528 -0.15047 0.15967 -0.18275
0.10534 0.026143 0.093865 -0.3536 -0.12407 -0.055221
0.19431 0.024284 0.14852 0.012062 0.0049293 0.091051
0.059668 -0.17012 -0.25334 0.2573 -0.15482 0.23577
0.013037 0.044606 0.1068 0.019748 0.021945 -0.060762
-0.14016 -0.12968 -0.085274 0.40529 0.3233 0.28382
0.070163 -0.065985 0.067433 0.25074 -0.036305 -0.39123
-0.037838 -0.13892 0.11754 -0.0013422 0.13098 0.29375
0.0098404 -0.1072 -0.070034 -0.020908 -0.1163 0.47747
0.084398 0.0028949 -0.052234 -0.024286 -0.16282 -0.20808
-0.1885 -0.065097 0.045676 0.28254 0.039119 -0.31349
0.01241 0.040371 -0.029225 -0.049897 -0.039868 0.64255
-0.17008 0.093708 -0.028367 0.10635 0.029792 0.2299
0.074816 -0.057561 0.03676 0.019407 -0.0024246 -0.26736
-0.044353 0.046615 0.24756 -0.078361 -0.21429 0.20599
-0.025091 -0.1003 -0.067548 0.027577 -0.12382 0.0005913
-0.10033 0.00018335 0.017116 0.19255 0.051157 -0.17175
-0.039504 -0.15663 0.22743 -0.04226 -0.040317 0.21648
-0.084406 0.054638 0.038576 -0.19553 0.25297 -0.033673
0.0012275 0.079323 0.032286 -0.16217 0.07017 -0.16044
-0.061614 -0.0022297 -0.11555 0.033258 -0.32102 0.13448
-0.087457 -0.0015454 0.096982 0.056736 0.11087 0.21526
0.085298 -0.10524 -0.049747 0.18125 0.12757 0.13851
-0.079007 -0.035927 0.070888 -0.17479 0.047374 -0.34896
0.029458 0.042067 -0.12188 0.10879 0.13012 0.19556
-0.0070021 0.15188 0.16099 -0.15628 0.059565 0.067971
-0.17322 -0.076977 0.09945 0.19833 0.13607 0.2742
0.014143 -0.013409 -0.055802 -0.12656 0.1248 0.59034
