0.021575 0.28209 -0.086016 -0.13214 -0.014498 0.0024258 0.075465 -0.074342 0.029109 -0.20503 0.049686 0.0056181 -0.0015037 0.016083 0.035044 -0.024212 -0.02881 -0.0062652 -0.096028 0.074212 -0.02051 0.19702 -0.055135 0.050356 -0.023489
-0.015968 0.26413 -0.040899 -0.10277 0.058538 0.0086019 -0.046998 -0.11257 0.065318 -0.28906 0.092946 0.091007 0.040914 -0.089429 0.2518 -0.012856 0.015132 0.015376 -0.18239 0.065533 0.038988 0.21051 -0.17161 -0.029746 -0.023976
0.013663 0.30102 0.053213 -0.043834 -0.080002 0.063518 0.027686 -0.07965 0.1104 -0.33418 -0.29787 0.067443 -0.0085745 0.038263 0.21578 -0.020682 -0.099584 -0.0010953 -0.12495 0.10319 0.020446 0.11866 0.018451 0.065402 -0.15322
-0.2013 0.32505 0.18985 0.051085 0.0064455 0.019581 -0.044939 -0.08406 0.040659 -0.36839 0.059258 0.043699 0.0012964 0.0033941 0.175 -0.046934 -0.10825 0.021963 0.061144 0.1874 -0.013453 0.089566 0.15324 0.00018068 0.14851
0.0049637 0.2529 0.10466 0.0831 -0.045324 -0.03816 0.039147 -0.094042 -0.024379 -0.21357 -0.025698 0.054875 -0.0064057 0.079061 0.13549 -0.043293 -0.1215 0.019479 0.10951 0.17183 0.017314 0.054054 0.15376 -0.020181 -0.038435
-0.02381 0.20276 -0.20026 -0.076683 0.051054 0.030907 -0.097507 -0.023183 0.34325 -0.13148 0.033665 -0.017415 0.022614 -0.1195 0.018924 -0.034418 0.12466 0.019502 -0.21824 0.047633 -0.015227 0.023811 -0.19682 0.0028913 0.021758
0.02234 0.23943 -0.038532 -0.13698 0.0019882 0.022452 0.022225 -0.019518 0.29612 -0.17482 0.043318 0.059609 0.0097368 -0.014416 0.04824 -0.013275 0.089494 0.040742 -0.088517 0.22597 -0.028293 0.17368 -0.090744 0.028911 -0.037391
0.0092023 0.21817 -0.112 0.036961 -0.043377 -0.0081296 -0.058986 -0.080346 0.23452 -0.20944 -0.029419 0.20234 -0.0017373 -0.02587 0.10131 -0.061811 0.051704 0.0073155 -0.069514 0.19569 -0.017327 0.037312 -0.07203 -0.02975 -0.0018337
0.053126 0.18026 0.22824 0.095898 -0.057734 -0.017067 -0.03809 0.010108 0.16579 -0.2397 -0.0898 0.066959 -0.013022 0.034538 0.079117 -0.054362 -0.010402 0.016348 0.14661 0.20128 -0.028706 -0.091465 0.064915 -0.016735 -0.046399
0.011889 0.1717 0.18784 0.088817 -0.011853 0.031425 0.093109 -0.014812 0.20271 -0.1207 0.038487 0.1557 -0.0049303 -0.0071782 -0.019349 -0.044851 -0.083105 0.1145 0.20621 0.12458 0.046011 -0.051302 0.1134 0.066033 0.0074394
0.0073441 0.063873 -0.11606 -0.10171 0.073131 0.014088 -0.014811 0.061782 0.46295 0.015551 -0.024792 0.016841 -0.029906 -0.023238 -0.13837 -0.038923 0.16728 -0.0066089 -0.19071 0.11148 -0.019162 0.083127 -0.12549 -0.0034551 -0.038324
-0.010008 0.039637 -0.042084 -0.09218 0.071308 0.029709 -0.04545 0.018587 0.25029 0.033172 0.12268 0.067999 0.010241 -0.071498 -0.16573 -0.01846 0.14997 0.0038743 -0.060832 0.093435 -0.026188 0.062344 -0.04276 0.022858 -0.0070882
-0.01094 0.083199 -0.0032594 0.0048237 -0.11626 -0.0075083 0.064919 0.03398 0.29467 0.031901 -0.014144 0.011027 -0.054346 0.022383 -0.18863 -0.038817 0.025645 -0.018892 -0.00188 0.23532 0.021996 0.093507 0.036475 -0.10905 -0.016175
-0.048491 0.0075747 -0.039561 0.15261 0.058503 -0.068766 0.036568 0.076117 0.2444 0.048351 -0.0039454 -0.092042 -0.039025 0.033972 -0.24227 -0.029401 0.070014 0.0038668 0.16422 0.15139 -0.030063 0.10131 0.0049765 -0.0065832 -0.0019613
-0.031506 0.040017 0.1206 0.19463 -0.012177 -0.017351 -0.023828 0.0064076 0.12582 -0.0939 0.016945 0.019132 -0.02516 -0.0037614 -0.19026 -0.013609 -0.025481 -0.0035071 0.24098 0.25756 0.0043239 0.11363 0.092342 0.0022918 -0.029689
-0.034628 -0.095004 -0.10825 -0.21296 0.10825 0.011362 -0.014547 0.10341 0.41415 0.17085 0.037076 0.045732 -0.030628 -0.089882 -0.2579 0.0096218 0.2321 0.085252 -0.073453 0.25898 0.00059524 -0.042031 -0.16684 -0.01694 -0.0092026
-0.093498 -0.061149 -0.080884 -0.09952 0.069189 0.00081908 -0.052727 -0.0040223 0.35289 0.1544 0.02268 0.049415 -0.035557 -0.0547 -0.21498 -0.022409 0.20375 -0.051997 -0.036315 0.23916 -0.046644 0.0029879 0.0062073 -0.020893 -0.011166
0.013739 -0.084816 -0.015311 -0.0088067 -0.087027 -0.026433 0.055572 0.09434 0.22527 0.17287 0.11808 0.052725 0.025634 -0.091691 -0.21461 0.013297 0.10577 0.083417 0.16603 0.15738 -0.018655 0.0015088 0.0069762 -0.066683 0.0085623
-0.052607 -0.099082 -0.098838 0.11563 0.040043 -0.0070801 0.085101 0.016867 0.23528 0.13064 -0.025842 0.035001 -0.048168 0.023821 -0.31705 -0.017714 0.048164 0.022662 0.13654 0.19427 0.0060239 0.16668 0.043342 0.072394 -0.047768
-0.078497 -0.13849 0.070646 0.1234 -0.076022 -0.0081312 -0.11592 -0.043574 0.1948 0.14298 -0.047868 -0.047292 -0.048217 0.18678 -0.33727 -0.038954 -0.014549 0.0080165 0.20079 0.15378 -0.025375 0.13419 0.16592 -0.017052 -0.043808
-0.018045 -0.15165 -0.062651 -0.1774 -0.00085782 -0.0046102 0.018836 0.12756 0.32825 0.21936 0.024995 0.048281 -0.050488 -0.0046348 -0.34746 -0.010636 0.32131 0.0045269 0.14001 0.31298 -0.047198 -0.11636 -0.13759 -0.067757 -0.021973
0.0081514 -0.089438 -0.14917 -0.071478 -0.067208 0.024264 0.04767 0.061603 0.35644 0.20147 0.091673 0.081463 -0.036715 -0.062269 -0.29301 -0.01848 0.26776 -0.011843 0.062776 0.2447 -0.0095948 0.076201 -0.1994 -0.075266 -0.019823
-0.03098 -0.17041 -0.059262 -0.013436 -0.063539 0.046854 -0.076529 0.13766 0.33499 0.22915 -0.019703 -0.01735 -0.0026183 -0.03296 -0.30404 0.012418 0.1475 0.054353 -0.052706 0.17916 -0.010692 0.03493 -0.02257 -0.072135 -0.026585
-0.018638 -0.13534 -0.09719 0.14566 0.033177 -0.018028 -0.035252 -0.019879 0.15944 0.171 0.15855 0.019191 0.011265 -0.0704 -0.24262 -0.0084735 0.056601 0.031799 0.10786 0.22194 0.012686 0.041895 0.055313 -0.018806 -0.0012028
-0.035517 -0.16088 -0.063613 0.1553 0.002029 -0.00090641 0.071507 -0.00082799 0.098997 0.13882 0.015481 0.082952 -0.048697 0.05244 -0.33528 0.017242 -0.01372 0.063686 0.11846 0.095717 -0.045597 0.12154 0.16287 0.10412 -0.017312
0.12366 -0.13936 -0.1024 -0.10476 0.005909 0.079871 -0.0065782 -0.0024106 0.18776 0.1507 -0.036043 0.24489 -0.18519 -0.082365 -0.06867 0.078859 0.35022 0.054133 -0.15219 0.17569 -0.047266 -0.16094 -0.18604 -0.06879 0.0012609
-0.020759 -0.18013 -0.1116 -0.14724 -0.062213 0.020913 -0.051332 -0.074227 0.22374 0.044339 0.0010726 0.33708 -0.039538 0.0029154 -0.026745 0.075697 0.38114 -0.033435 0.12482 0.11575 -0.089818 -0.32116 -0.34532 -0.11422 -0.078012
0.13456 -0.069513 -0.14477 -0.15134 -0.04285 0.033232 0.13116 0.012785 -0.0079801 -0.038442 -0.04107 0.22382 0.00087293 0.00015113 0.22879 -0.0064573 0.35381 -0.033274 -0.01687 0.20465 -0.088559 -0.21613 -0.22104 -0.056408 -0.061176
0.03914 0.023464 -0.053339 -0.20639 0.068633 0.012931 0.026718 -0.0025113 -0.036143 -0.088473 -0.077853 0.21287 0.021692 0.023382 0.33549 0.053194 0.27688 0.077419 -0.050669 0.063027 -0.076778 -0.31362 -0.28086 -0.025261 -0.050144
0.046901 0.13626 -0.11878 -0.18159 -0.037829 0.085683 -0.017416 -0.15916 -0.16487 -0.17999 0.070342 0.11378 0.020873 -0.029854 0.21757 0.04678 0.13542 -0.00958 -0.10751 0.11601 -0.04057 -0.0018652 -0.15896 0.023098 -0.044028
0.1001 -0.18042 -0.0068801 -0.015284 -0.05648 0.040591 -0.0029323 0.10326 0.17911 0.21325 0.093923 0.15932 0.048673 0.054967 -0.14309 -0.0053061 0.16761 0.028451 0.027594 0.068894 -0.07241 -0.097888 -0.060815 -0.01273 -0.028005
-0.033075 -0.11335 -0.12408 -0.040923 -0.030054 0.054361 0.054875 0.0020127 -0.01799 0.13996 -0.0054696 0.2441 0.0044041 -0.017767 -0.043278 0.0023534 0.16136 -0.02267 -0.022418 0.12277 -0.060271 -0.15159 -0.0080294 0.010449 0.022044
-0.012892 0.02485 -0.090425 -0.1589 -0.0054193 0.064403 0.051998 -0.063171 -0.01628 -0.056804 0.080889 0.2617 0.0017091 -0.056331 0.1549 0.03994 0.20201 -0.0013306 -0.086083 0.15329 -0.027998 -0.24117 -0.019324 -0.051047 0.0091866
-0.0083045 0.027523 0.00017822 -0.14482 -0.036502 0.03125 0.066408 -0.080844 -0.065792 -0.16726 0.010768 0.33545 0.07041 -0.024742 0.28497 0.038277 0.1208 -0.0053342 -0.13312 0.10738 -0.057392 -0.16477 -0.028806 -0.019878 -0.052996
0.12522 0.19648 0.18243 -0.16342 -0.019006 0.057247 0.046063 -0.066253 -0.11583 -0.25631 0.015258 0.34084 0.061989 -0.0072558 0.30342 0.0014949 -0.022377 -0.00092043 -0.13037 0.064401 0.015964 -0.087194 0.011952 0.023416 -0.1028
-0.094702 -0.20049 0.0059254 0.027204 0.038834 0.041874 -0.11659 0.03202 0.11863 0.25183 0.094706 0.11127 0.059053 0.013342 -0.22986 -0.014226 0.15102 -0.081017 0.028575 0.076492 -0.014541 -0.00073877 0.093833 -0.04074 -0.020083
-0.046832 -0.17338 -0.078812 -0.037174 0.0012916 0.020631 0.093743 0.13165 0.079532 0.18557 -0.027956 0.13602 0.075209 -0.030054 -0.03631 0.016909 0.14148 0.021796 -0.093168 0.053142 -0.016847 -0.16089 0.067708 -0.037198 -0.017515
-0.046881 -0.064695 -0.027429 -0.015733 0.025093 0.020148 -0.010972 0.0040989 -0.14043 0.0052492 -0.067865 0.20992 0.022994 -0.023619 0.0975 -0.061846 0.03218 -0.024192 0.041409 0.13063 0.010039 -0.19822 0.05139 -0.010372 0.052878
0.010947 0.045556 0.016585 -0.072799 0.013983 0.02879 0.11641 -0.077123 -0.23181 -0.10612 0.0086862 0.13685 0.0068263 0.016486 0.19275 -0.0041094 -0.051964 0.015998 -0.083811 0.045554 0.011791 0.045721 0.15558 0.028305 0.0053266
0.0003323 0.22339 0.17956 -0.075499 0.031869 0.021625 0.0086751 -0.054189 -0.087681 -0.25548 -0.0018282 0.28589 0.091369 0.0045818 0.27692 -0.0093656 -0.12955 -0.0044417 -0.14031 0.087401 0.018899 -0.1012 0.15199 0.024739 -0.050836
-0.017823 -0.23764 0.061366 0.10382 0.15219 -0.015409 -0.032531 0.10999 0.011498 0.22657 0.074581 0.042716 -0.033753 0.033862 -0.21749 0.016652 0.080967 0.064165 0.031662 0.068867 -0.0058512 -0.050356 0.090925 -0.02441 0.047374
0.042275 -0.11718 -0.069957 0.14457 0.031373 0.018084 -0.12066 0.024073 -0.040926 0.082033 -0.045786 0.065777 -0.037922 0.031121 -0.07277 -0.015091 0.084541 0.0074826 -0.025752 0.036947 -0.053042 -0.065204 -0.030601 0.010754 0.025539
0.052715 0.00062003 -0.084058 0.10584 0.094531 -0.036266 -0.0031165 0.013552 0.057743 0.0077631 -0.095303 0.082745 -0.063468 0.017418 0.03897 -0.050453 0.067316 -0.0022978 -0.037595 0.10337 -0.023242 -0.14683 -0.040286 -1.0608e-05 0.024728
0.014077 0.071055 0.040431 0.081233 0.05282 0.00019425 -0.00033099 -0.0049389 -0.10988 -0.14071 -0.21863 0.15141 0.0048489 -0.081828 0.24013 0.0044342 -0.0054155 -0.047731 -0.073371 -0.0010347 0.031116 -0.176 0.038007 -0.0014727 -0.085917
-0.046798 0.15782 0.070834 0.12093 0.089019 -0.015196 0.11281 -0.011047 -0.048604 -0.21107 0.04189 0.10625 -0.020902 -0.018216 0.31252 -0.091354 -0.15383 0.10874 -0.046005 0.020727 -0.0022043 -0.090254 0.13814 0.034432 0.27287
0.0058959 -0.21549 -0.0041244 0.22883 0.029247 0.0079799 -0.11348 -0.0024118 -0.025731 0.173 0.065028 -0.10063 0.020325 -0.016233 -0.10607 -0.0069498 -0.0069246 0.016835 0.14305 0.099794 0.049401 -0.1177 0.17403 -0.067784 0.0092459
0.016844 -0.14025 -0.0027713 0.16028 0.002638 -0.00729 -0.033141 -0.0064163 0.049333 0.10817 0.011503 -0.090831 0.0087445 0.020109 -0.063684 -0.013015 0.033068 -0.044161 0.10785 -0.067159 0.070145 -0.13816 0.10997 -0.11381 -0.068329
-0.029545 -0.0082594 -0.025776 0.23275 -0.039527 -0.068687 -0.020322 -0.015816 -0.0019401 -0.018635 -0.0046604 0.090392 0.022055 -0.055256 -0.031009 0.045454 0.036607 -0.067926 0.042212 -0.080832 -0.090583 -0.088889 0.077202 -0.037556 -0.023403
0.028654 0.073346 -0.050514 0.15228 0.017461 0.004196 0.082802 -0.049493 -0.067413 -0.047262 0.023628 -0.064215 0.015258 -0.032114 0.090377 0.0017148 -0.053458 -0.011386 0.019235 0.036376 0.089453 0.073612 0.091786 -0.050764 -0.046375
0.0025906 0.18924 0.034598 0.10968 0.071515 -0.041153 0.19746 -0.068629 -0.23385 -0.21816 -0.018181 0.012951 0.035365 0.20084 0.25316 -0.02306 -0.17896 0.0098229 0.035875 -0.067931 0.077578 -0.017653 0.24221 0.0096516 -0.090335
