0.24675 0.38895 -0.22578 0.068029 0.30791 0.23703
-0.0038481 -0.19323 0.051156 -0.0083276 0.76467 -0.57538
-0.023939 0.10189 0.12273 -0.040096 0.1781 -0.71922
0.079445 0.20161 0.092915 -0.81605 -0.14985 -1.2533
-0.0017934 0.0074119 -0.52825 0.056705 0.15104 0.020184
-0.14455 -0.16088 -0.80712 -0.004151 -0.099446 -0.010326
0.010929 0.0020687 -0.25539 0.032777 0.14067 -0.41793
-0.0071348 -0.22669 0.28328 0.021871 -0.55941 0.54192
0.2141 0.083704 -0.050367 -0.0039176 0.034583 0.57293
-0.036915 0.021711 0.046893 0.072273 -0.85862 -0.75176
0.084349 -0.23361 0.20915 -0.038584 -0.39288 0.024848
0.062962 0.082164 -0.10579 -0.051736 -0.042276 0.67862
0.0031706 0.49604 -0.33472 0.0030424 0.67675 -0.24571
0.073393 0.27247 -0.0088715 -0.060414 0.03667 -0.013325
0.085681 -0.085852 0.14832 -0.042593 -0.32134 0.52201
0.0048888 0.8106 -0.13798 0.0021386 0.25484 0.24569
0.033186 0.20762 0.40232 -0.1689 0.20797 -0.12405
-0.033582 -0.37455 -0.013813 -0.16048 0.077895 -0.076447
0.1028 -0.01075 -0.1893 -0.0015395 -0.025016 0.5903
-0.03266 0.039544 -0.062514 -0.034644 -0.05012 -0.64309
0.033814 0.54689 0.73542 -0.16584 0.13635 0.10047
-0.087901 -0.096042 0.091411 0.010373 0.23963 0.65585
-0.10569 0.17072 0.19293 -0.47455 0.021358 1.3441
-0.13508 0.19634 0.7735 -0.073005 -0.16346 0.030682
-0.079758 0.6983 -0.081342 0.071404 0.50698 -0.0063606
