0.023035 0.013101 0.06103 0.24983 0.070283 -0.022699 -0.31236 -0.038633 -0.49443 -0.0719 -0.03751 -0.040481 0.12271 0.064955 -0.046336 -0.057027 -0.19566 0.30009 0.14356 0.16626 -0.20076 -0.049936 0.31166 -0.061605 0.0074856
0.12994 -0.085016 0.056032 -0.0036254 0.22202 0.31192 -0.3389 -0.0046441 -0.30263 -0.11089 -0.30082 -0.072467 -0.19165 -0.00517 -0.14889 0.32569 -0.15532 0.16919 0.19356 0.12349 -0.1721 0.20082 0.14513 -0.063017 0.0064785
-0.044913 -0.072609 0.021243 0.08834 -0.10312 0.23455 -0.31135 0.036529 -0.12336 -0.027405 0.080875 -0.0018418 0.2276 -0.035934 0.087775 0.11617 -0.14337 0.107 0.19305 0.29654 0.010126 0.21988 -1.073 -0.18734 0.027641
-0.0057341 -0.050455 0.026502 -0.17609 -0.099534 0.025836 -0.10329 -0.010679 -0.098469 -0.2251 -0.233 -0.091052 0.20036 -0.091852 -0.1035 -0.16392 -0.095293 0.20325 0.10867 -0.011259 -0.14693 0.21811 -0.18606 -0.070295 -0.051382
-0.034022 -0.050004 0.030365 -0.14033 -0.083445 0.15564 -0.068593 0.010098 -0.04709 0.054704 -0.12888 -0.094584 0.46263 -0.070349 0.02556 -0.10541 -0.065087 -0.092691 0.1962 0.0062891 -0.032507 0.098055 -0.37514 -0.20938 -0.013001
-0.011835 0.032793 0.062817 0.19958 -0.26885 0.017128 -0.23394 0.0067342 -0.19909 -0.17879 -0.13291 -0.014966 0.045344 0.037798 -0.037785 0.35983 -0.23406 0.19058 0.047911 0.26345 -0.11484 -0.067782 0.32765 -0.34895 0.032979
0.018261 -0.13964 0.013589 0.033013 -0.15904 0.21437 -0.018192 0.052484 -0.16739 0.082577 -0.40117 -0.02719 0.29922 -0.021475 0.10895 0.36004 -0.30313 0.19328 -0.073489 0.027462 -0.2115 0.095329 0.25256 0.12811 0.01877
-0.00242 -0.048664 0.021619 0.084251 -0.11674 0.20292 0.044744 -0.0059474 -0.024831 0.014966 -0.053672 -0.070159 0.07484 -0.0049381 -0.061765 -0.091246 -0.11982 0.095192 0.097605 0.12071 -0.051321 0.083246 0.050954 -0.14593 0.051126
-0.065583 0.014637 0.015602 -0.12245 -0.017038 -0.21279 -0.050036 -0.050774 -0.076289 -0.20374 -0.038275 -0.0029722 -0.024431 -0.049096 0.02642 -0.14644 0.12528 -0.087085 0.2429 0.051497 0.068729 0.082038 0.047825 -0.1735 0.011773
-0.032251 -0.088058 0.0233 -0.085113 -0.11692 -0.0060283 0.040785 0.019878 -0.20934 -0.13991 -0.36776 -0.10878 0.15561 -0.14833 -0.051121 -0.16608 -0.046571 -0.082722 0.17501 0.075779 -0.017249 0.026495 0.24723 -0.37368 -0.072262
0.030679 -0.064496 0.025981 -0.029556 -0.17459 0.28632 -0.16624 -0.013408 -0.13476 0.0014747 0.2 0.007865 -0.033213 0.065469 0.028039 0.45214 -0.14794 -0.0099345 0.093025 0.045903 -0.21352 0.086237 0.10761 0.014119 0.086266
-0.021899 -0.032091 -0.018315 0.20948 0.058618 -0.070031 -0.037931 0.015009 0.024731 -0.075371 -0.089317 0.017207 0.057394 0.20123 0.032297 0.079484 0.040376 -0.071728 -0.31928 -0.012393 -0.11966 -0.048245 -0.025471 0.11995 0.077279
0.033733 -0.090574 -0.0095238 0.17068 -0.07678 -0.10681 -0.030116 0.015914 -0.27269 -0.014068 -0.19801 0.027064 0.036115 0.061722 0.085125 0.1273 0.20848 0.13429 -0.16599 -0.17601 -0.061966 -0.09186 0.093699 0.074917 0.034759
-0.069734 -0.042592 -0.0099893 -0.23085 -0.039366 0.052164 -0.0090595 -0.075112 0.26496 -0.13457 0.033787 0.003096 -0.04687 -0.086659 -0.14124 -0.36928 0.016558 0.23324 -0.0036283 -0.0055271 -0.16169 0.10046 0.14322 0.075164 0.0072545
0.036438 -0.038226 0.016319 0.11801 -0.16146 0.0033919 0.050178 -0.064846 0.056788 -0.17873 -0.24823 -0.051161 0.070185 -0.030725 -0.043714 -0.25364 0.24335 0.27367 0.13186 0.12829 0.031382 0.0066672 0.32109 -0.19843 -0.0088763
-0.016721 -0.098666 0.025352 0.18441 -0.058071 0.090949 -0.091631 -0.040204 -0.061437 -0.032047 -0.038464 -0.027086 0.073888 0.017562 0.027092 0.47435 -0.10402 0.066421 -0.1617 0.15115 0.036241 -0.024556 0.20404 -0.098025 0.044557
0.15231 0.018241 0.012098 0.26458 -0.027648 0.062593 0.10819 0.018477 0.08761 0.16189 0.62427 0.016121 -0.12721 0.038788 0.14586 0.10035 -0.1715 0.22852 -0.1942 -0.032443 -0.13765 -0.075592 -0.0076355 0.046102 -0.020073
-0.040361 -0.065806 -0.0072627 0.21937 -0.060901 0.12023 0.107 -0.0047955 0.02642 -0.041545 0.12394 0.0097599 0.020078 0.028471 0.054895 -0.10936 0.21598 0.15935 -0.26452 -0.051864 -0.2103 -0.070696 -0.038298 -0.069808 0.024926
0.041228 -0.026587 0.0063914 0.20345 -0.016762 -0.10395 0.071725 0.0070737 0.044445 -0.014012 -0.034099 -0.025426 -0.0089155 0.038926 -0.13232 -0.29135 0.16175 -0.17766 -0.027102 -0.14126 0.075635 -0.0072779 -0.013494 -0.11269 0.037633
-0.07222 6.3343e-05 -0.02018 -0.49273 0.014102 0.20735 -0.21057 -0.041042 0.064835 -0.23766 -0.16212 -0.089397 -0.0031946 0.0054308 -0.12556 -0.28134 0.25548 -0.32651 0.071082 -0.062323 -0.16478 0.10701 0.029892 -0.26423 0.027545
-0.031912 -0.049494 0.041349 0.19975 -0.11694 -0.024926 -0.22359 0.076558 -0.12233 -0.066878 0.5306 -0.068798 0.11253 0.073085 0.10473 -0.0079247 0.023518 0.07783 -0.015568 -0.042823 0.35308 0.06074 0.12928 -0.17752 -0.031035
-0.068212 -0.067766 0.021553 0.13541 -0.095083 -0.053986 -0.067622 0.087679 -0.23662 0.017236 0.58109 0.00082716 0.021178 0.025643 0.23612 -0.030359 -0.022927 -0.07691 -0.064661 0.02236 -0.0034897 -0.095544 0.16734 -0.14695 -0.045603
-0.00024352 -0.060067 -0.02618 0.093449 -0.098673 0.033077 -0.059304 0.015199 -0.017277 -0.016513 0.27282 0.00036455 -0.026489 0.13893 0.084522 0.034368 0.074846 0.010775 -0.30702 -0.0039234 -0.035052 -0.12572 -0.043294 0.01055 0.057191
-0.04718 0.0053506 -0.0045753 0.35545 -0.059509 0.2035 -0.012302 -0.015891 -0.043902 -0.076601 -0.24545 -0.047509 -0.040412 0.038271 -0.0047658 -0.25176 0.27674 -0.21821 -0.096794 -0.038491 0.10757 -0.058961 0.087093 -0.098792 0.017254
-0.05465 0.027599 0.020396 -0.10797 -0.15106 0.14711 0.024176 -0.088439 -0.14698 -0.15103 0.0087569 -0.012374 0.19409 -0.049355 -0.2058 -0.30618 -0.097982 -0.94995 -0.024526 -0.51767 -0.086347 -0.0037555 0.27128 -0.24327 0.010189
-0.13541 0.01439 -0.035035 -0.057752 -0.23491 -0.049968 -0.12155 -0.030603 0.11664 -0.035542 -0.059142 0.018627 -0.29471 -0.25196 -0.41576 0.17639 0.25444 -0.16792 0.04802 -0.084211 0.089063 0.22174 -0.04766 -0.1721 -0.19783
-0.013531 0.2282 0.010444 -0.23393 0.037956 0.14086 0.039776 -0.092243 0.015945 -0.26437 0.088115 0.071757 0.10274 -0.13968 -0.28642 0.32294 0.038296 0.40939 0.019538 -0.14907 0.011647 0.28259 -0.1067 0.0053918 -0.18802
-1.5669 0.154 0.026947 -0.16955 -0.12152 0.28905 -0.099653 -0.35476 0.035444 -0.38694 -0.088715 0.041834 -0.11413 -0.29004 -0.12083 -0.063635 0.31704 -0.056647 0.19982 0.11369 0.051447 0.29007 -0.12427 -0.30485 -0.13231
-0.1126 0.12316 0.03641 -0.048683 -0.025605 0.26535 0.022415 -0.18076 -0.04173 -0.25029 -0.10441 0.014131 -0.057906 -0.08987 -0.14299 0.083616 -0.0090837 0.16491 0.20362 -0.17055 0.012255 0.21681 0.032275 -0.14209 -0.2292
-0.23992 0.11586 -0.012435 0.049037 -0.4097 0.36705 0.12376 -0.20676 -0.064978 -0.39277 -0.067072 -0.044441 -0.12038 -0.20294 -0.169 -0.019726 -0.03833 0.30176 0.25536 -0.065446 -0.010196 0.019762 -0.062122 -0.057174 -0.22728
-0.1131 0.040667 -0.03229 -0.16383 0.078614 -0.078351 0.11762 -0.080254 -0.37987 -0.16201 -0.11779 0.065435 -0.013501 -0.11869 -0.29573 0.067658 0.18075 0.077645 -0.21733 0.26212 0.078501 0.21896 -0.20348 -0.14986 -0.1414
0.14369 0.00096969 -0.01366 0.032506 0.0065672 0.096476 0.15412 -0.070121 -0.0069543 -0.061985 0.10635 0.069252 0.056051 -0.20261 -0.13981 0.10168 0.32749 0.22744 0.080118 -0.27839 -0.0074089 0.19916 -0.19958 0.10918 -0.064148
0.00059611 0.15665 0.015807 -0.021336 0.094739 0.24092 0.029754 -0.19783 -0.12408 -0.18701 -0.0099644 0.028826 -0.03137 -0.16892 -0.4713 -0.035655 -0.10961 0.21777 0.0564 -0.15032 -0.0085664 0.15067 0.013224 -0.21052 -0.02796
0.012883 0.057685 -0.001685 -0.13393 -0.235 0.075406 0.14417 -0.1444 -0.1851 -0.084361 0.069933 -0.023166 0.14941 0.358 -0.06873 -0.096553 -0.097837 0.32723 0.11502 -0.030123 -0.077693 -0.0086859 0.13381 -0.052869 -0.083469
0.10411 0.10204 -0.0026807 0.078718 -0.28208 0.28714 -0.12722 -0.21899 0.053587 -0.35445 0.045044 0.018988 0.20827 0.45294 -0.093689 -0.16831 -0.19835 0.4065 0.15276 0.037485 0.12348 0.083011 0.024772 -0.056912 -0.030142
0.12559 -0.049092 -0.047379 0.05999 0.28766 -0.0336 -0.090093 0.17669 0.064544 0.082069 -0.0088848 0.024839 -0.28694 -0.028111 -0.18692 -0.0089781 0.067758 0.056907 -0.38742 -0.16264 -0.05543 0.015425 -0.28273 0.045029 -0.077479
0.19962 0.051416 -0.0072301 -0.10259 0.28373 -0.092344 -0.04031 0.14054 0.23083 -0.0064916 0.050956 0.049249 0.086115 -0.11319 -0.055256 0.26953 0.031969 0.042538 -0.076784 0.01037 -0.29714 0.17897 -0.026464 0.34387 -0.019993
0.14905 -0.1373 0.011562 -0.026616 0.12906 0.090032 0.079827 0.14712 0.065961 0.24195 -0.11309 0.01068 0.094584 0.078678 0.057557 0.15447 -0.032145 0.11739 -0.15502 -0.10157 0.081004 -0.10942 -0.034914 0.23467 0.063482
0.16781 -0.13635 0.013312 0.29906 0.023159 0.047926 -0.095208 0.092392 -0.0084086 0.13599 -0.082463 0.040588 0.056067 -0.12542 0.28889 0.066402 -0.12924 -0.054047 0.027209 -0.10089 0.23049 -0.078306 0.1064 -0.0072422 -0.06657
0.068345 0.0037824 -0.0092713 0.031381 -0.097681 -0.031471 -0.044919 -0.13478 0.034493 0.12032 -0.016994 -0.0077762 0.3029 0.44633 -0.016073 -0.075997 -0.31661 -0.070891 0.028241 0.059994 0.080345 -0.25702 0.2252 -0.069777 0.042519
0.13414 -0.034941 -0.072153 -0.13233 0.12362 0.015339 -0.1212 -0.11921 -0.083235 -0.041934 0.16333 -0.034977 -0.0054502 -0.13578 0.11609 -0.047521 0.13539 -0.29245 -0.14403 0.057615 -0.12295 0.2028 -0.019316 -0.164 -0.098071
0.25769 0.097319 0.012469 0.079971 0.25458 -0.091213 0.060142 -0.01799 -0.10615 -0.13891 0.043505 0.056981 0.091841 -0.10839 -0.026567 -0.032955 0.13169 0.23621 -0.10664 0.10033 -0.070097 0.016631 0.016534 0.065104 -0.0018996
0.32647 -0.012249 0.015549 0.058384 0.14849 -0.12994 -0.10435 0.08913 0.26337 -0.109 -0.042668 -2.4451e-05 -0.024213 -0.05689 -0.0028538 0.081175 -0.069127 0.22018 -0.11803 0.039649 -0.072926 -0.10972 0.12267 0.014734 -0.044613
0.08352 -0.043277 -0.010092 0.062239 0.084528 -0.022177 -0.070122 -0.11722 -0.14341 -0.16285 0.026617 0.020271 0.083173 -0.068773 0.47696 -0.19055 -0.10904 0.19399 0.076794 -0.0016986 0.21301 0.21049 0.12945 -0.067833 -0.0635
0.09562 -0.016556 -0.001008 0.057306 -0.14707 0.19435 -0.22944 -0.07356 0.16749 -0.018262 0.063786 0.01758 -0.0066969 -0.11076 0.65626 -0.023688 -0.21854 -0.38079 0.099739 -0.27597 0.035977 0.13503 0.29906 -0.079684 -0.040395
0.24226 0.071682 -0.032398 0.10432 -0.074605 0.26395 -0.2193 -0.15561 0.029802 -0.14121 0.034009 -0.0052477 -0.14009 -0.19867 -0.15294 -0.0065766 0.047324 -0.49084 -0.1259 -0.00365 -0.16003 0.22577 -0.074909 -0.14839 -0.078265
0.22601 0.054096 -0.048016 -0.077076 -0.0041219 -0.024876 0.090914 -0.02022 -0.16641 -0.28059 -0.011887 -0.042876 0.1054 -0.15996 -0.13672 -0.075435 -0.068983 0.082346 -0.12203 0.13214 -0.014051 -0.065581 -0.031991 0.081745 0.031873
0.22977 0.071542 0.0031071 -0.14866 0.24934 0.25595 -0.22985 -0.24426 0.17714 -0.024227 0.01188 -0.024182 -0.25415 -0.080323 0.10965 -0.17388 0.13592 -0.23224 0.093348 -0.3522 0.0065897 0.23507 0.091766 -0.041365 0.084439
0.16949 0.071828 -0.0051282 -0.025418 -0.046727 0.20482 0.15349 -0.12859 -0.069523 0.07422 0.088259 -0.032891 0.15813 0.045512 0.24695 -0.15869 -0.10386 -0.032721 0.057313 -0.14544 -0.0060014 0.021828 0.014116 0.049054 0.076983
0.0052122 -0.0066405 -0.0024607 0.042327 0.026408 0.03818 0.079975 -0.044632 -0.14458 -0.31521 0.042599 0.046849 -0.012307 -0.20022 0.37368 -0.051035 -0.11292 -0.65164 0.13521 -0.28529 0.11006 -0.42035 0.0277 -0.16842 -0.051263
