-0.015746 0.27205 0.35749 -0.98621 -0.18096 0.027396
-0.13435 0.10004 -0.86147 -0.18496 0.19334 -0.065382
0.016775 -1.2092 0.14195 -0.90023 -0.34241 0.31157
-0.14093 -0.27222 -0.10703 0.92699 0.45 -0.053048
0.11286 0.015918 0.036654 0.57436 0.72177 -0.1704
-0.038743 -0.19589 0.12947 -0.57267 -0.0058468 0.23236
-0.053213 0.84117 -0.039525 -0.55639 0.20765 -0.05114
-0.013287 0.2121 0.74087 0.82585 -0.85376 0.035731
-0.065559 0.39011 -0.077838 -0.10862 -0.44014 -0.32759
-0.18511 0.13667 0.3579 0.78316 -0.4007 0.12095
-0.092792 -0.33982 -0.098705 0.40442 -0.62535 -0.025083
0.13345 1.0099 0.34359 -0.11132 -0.04903 0.50574
-0.071232 -0.38137 0.30262 -0.088501 -0.64596 -0.25786
0.066416 -0.045294 -0.16148 0.68843 0.9183 0.26076
0.0029413 0.18665 0.010186 -0.4631 0.55286 -0.034346
0.082576 -0.31983 -0.32676 0.73485 -0.13651 -0.062829
0.013688 -0.11507 -0.039479 -0.075783 -0.80486 -0.085719
-0.088067 -0.10864 -0.22185 0.57255 0.25498 -0.093583
-0.041228 0.053946 -0.085186 0.45931 0.97911 -0.066382
0.076787 0.028562 0.28615 -0.80654 -0.34623 0.047742
0.076361 -0.25656 -0.082914 0.141 -1.0907 -0.049381
0.089225 0.083194 -0.48681 0.68887 -0.72966 0.10838
0.046886 -0.10081 -0.040164 0.42469 -0.64439 0.0032525
-0.022007 -0.17767 0.39721 0.98363 -0.017345 0.24674
0.095497 -0.053958 1.0483 -0.5015 -0.067258 -0.27563
