0.10463 -0.10159 0.039937 -0.063438 -0.16039 -0.26047 0.045253 -0.10571 -0.087565 -0.053661 0.052945 0.054042 0.087255 -0.063963 -0.067506 0.034789 -0.01109 0.12313 0.14084 0.053736 -0.082087 0.089084 0.01376 0.037573 0.025953 0.15714 0.11527 -0.058426 -0.0079904 0.022826
0.019764 -0.010341 0.025339 0.00069732 -0.045142 -0.061957 0.07462 -0.066652 -0.012516 0.04551 -0.13164 0.056234 0.058845 -0.013647 -0.0037988 0.023211 -0.0091512 0.023455 -0.0012515 -0.049867 -0.12881 -0.053404 -0.083482 -0.065619 -0.075987 -0.21984 0.0098011 0.1876 -0.036296 -0.073943
-0.12546 -0.061573 0.023316 0.0091117 -0.15608 -0.054528 -0.16939 0.020876 -0.0069143 0.10551 -0.15409 -0.076402 0.16297 -0.022522 -0.20008 0.15459 -0.12758 -0.1066 -0.059853 0.14618 0.025668 -0.062566 0.072405 0.0090078 0.039776 -0.099033 0.075842 -0.053655 -0.025878 0.041086
0.052433 -0.018089 0.14671 -0.021597 -0.036631 -0.019085 0.15905 0.041301 -0.12401 0.13595 -0.25296 0.034902 0.025398 -0.033357 -0.17392 0.12557 0.10103 -0.037257 0.065218 -0.024931 -0.14469 0.017554 0.050321 0.1136 0.2424 0.015422 -0.038207 -0.10767 -0.18 0.056928
0.061269 -0.14022 -0.02173 -0.091031 -0.13527 0.11811 0.065584 -0.014537 -0.14042 0.033019 -0.14348 -0.24138 0.024433 -0.059879 -0.10982 -0.037025 0.27559 -0.24757 -0.25988 -0.0048248 -0.18371 -0.17398 0.029606 -0.14702 0.053524 -0.11351 -0.059864 -0.11897 -0.060249 -0.028432
0.026612 -0.15368 -0.01905 -0.00089117 0.064308 0.18221 -0.027436 0.16279 -0.088661 0.0028566 -0.058771 -0.10416 0.22127 -0.063564 -0.03301 -0.10176 -0.061404 -0.052529 0.032729 -0.16364 -0.025449 -0.018093 0.025199 0.041234 -0.062489 0.079224 -0.064374 0.087677 -0.23934 0.10681
0.049087 -0.12989 0.10553 -0.0051394 -0.051079 0.035725 0.093256 0.2341 -0.052409 -0.1189 0.055124 -0.00043884 0.084875 -0.032335 -0.16925 -0.052048 0.069576 -0.15823 -0.022953 -0.0044849 -0.23503 0.087629 4.656e-05 0.18916 0.18197 -0.2549 -0.24886 -0.034649 0.040803 0.020875
0.12989 -0.097234 0.069883 0.0044831 0.094326 0.094117 -0.099226 0.17102 -0.018549 0.059111 -0.050125 -9.2741e-05 -0.037866 0.070961 -0.080211 0.0035422 0.22771 -0.038055 -0.016155 -0.11186 -0.19072 0.22408 0.0002128 0.10143 0.18251 -0.09039 0.04272 -0.061688 -0.049186 0.11833
-0.025855 -0.11353 -0.041539 -0.0098985 -0.2053 0.087324 0.001985 0.10478 -0.14362 -0.12053 0.17025 -0.30043 0.027265 0.0088178 -0.010838 -0.19696 0.15239 -0.10706 0.00023686 0.051035 -0.27063 0.15727 -0.057834 -0.0044493 -0.10491 0.10612 0.23322 0.17301 -0.32432 0.1227
-0.0063627 -0.1107 -0.21192 -0.073147 -0.16922 -0.084963 0.084327 0.31213 -0.08737 -0.058706 -0.09772 -0.041534 0.042834 0.017402 -0.032258 -0.13058 0.05797 -0.027788 0.13581 -0.0085253 -0.25453 -0.10639 0.16809 -0.07602 -0.069994 -0.12076 0.0026573 -0.0014971 -0.090818 0.026817
-0.03925 -0.19225 0.14673 0.11589 -0.015802 -0.088843 -0.038976 0.13072 -0.064898 0.11532 -0.11319 -0.064639 0.013686 0.15224 -0.098817 -0.041884 0.16261 -0.15005 0.022478 -0.072396 -0.29667 -0.11801 0.13609 0.13484 0.048785 0.030057 0.048013 -0.12458 0.12687 0.18701
0.14799 -0.075417 0.063919 0.064314 -0.19394 -0.0013383 -0.027335 0.068941 -0.12361 0.01294 -0.025975 0.15822 -0.052911 -0.15887 0.22615 0.41734 -0.18087 -0.029881 0.1477 0.13566 -0.15505 -0.051809 0.15076 -0.034136 -0.047994 0.097036 0.10472 -0.075782 0.20072 0.055981
0.2531 -0.2248 -0.079261 -0.085733 0.0058862 0.030975 -0.090902 0.055836 0.085677 -0.089498 0.014302 -0.16234 0.048837 0.10146 0.13947 -0.16616 0.01781 -0.022484 -0.13813 -0.046993 -0.099498 0.094264 0.050357 -0.0027166 -0.078745 0.15917 0.021673 -0.13016 -0.032538 -0.054254
-0.05413 -0.13509 0.094934 0.19603 0.047638 -0.16953 0.026421 0.12822 0.035809 -0.14544 0.080918 -0.11476 0.14594 -0.092172 0.13533 0.061258 0.18034 -0.023589 0.08938 -0.10043 -0.090452 -0.089262 -0.10017 0.066255 -0.19316 -0.040818 0.097584 -0.12767 0.079335 0.057745
0.063829 0.012198 -0.036969 -0.16964 0.026946 0.068445 -0.032032 0.012002 -0.050856 0.019241 0.0020654 0.12384 0.01023 -0.0070834 -0.11611 0.047948 -0.080041 -0.11288 -0.028207 -0.038243 -0.15477 -0.029559 -0.041087 -0.057748 0.077865 0.2235 0.123 0.06297 -0.019554 -0.034374
-0.065573 -0.061288 0.05799 -0.027884 0.16018 -0.045339 -0.02131 0.023601 0.14086 -0.1256 0.052376 0.023204 -0.04759 -0.027255 0.1783 0.057286 -0.11203 -0.07508 -0.0072839 -0.0048314 0.1524 -0.14162 0.00038352 -0.017047 0.11848 -0.052091 -0.12671 0.10393 0.09933 0.023575
0.041801 -0.050098 0.029033 0.058324 0.12847 -0.069735 0.16785 -0.14982 0.09858 -0.13395 0.045383 -0.11341 -0.019607 0.10474 -0.13808 0.020034 -0.076804 0.063117 -0.034736 -0.097863 -0.076327 0.05183 0.0332 -0.094004 -0.0044793 0.15978 0.045292 0.060447 -0.077667 -0.022634
-0.04968 -0.11778 0.02217 0.17418 -0.12065 0.11175 0.046585 0.044373 -0.03136 0.14094 -0.042821 -0.11682 0.055285 -0.037216 0.13378 0.086203 -0.07944 0.010718 0.089329 -0.1258 -0.0035101 -0.071085 0.053697 -0.094934 -0.01716 -0.1755 0.1029 0.18558 -0.0052734 0.025433
0.025332 0.011523 0.032804 -0.089316 -0.075357 0.018108 -0.060179 -0.022224 0.085698 0.035307 -0.11598 -0.068094 0.076927 -0.053879 0.020026 0.11929 0.034726 -0.14441 0.10256 -0.16084 -0.035983 -0.14394 -0.056958 -0.056726 0.17812 -0.12281 -0.0056557 -0.14199 -0.053733 0.15031
0.13049 -0.27054 -0.081812 0.20909 -0.091211 -0.035883 0.044204 0.15137 -0.037827 0.15422 0.024308 0.10992 0.091534 0.003094 -0.082458 -0.045367 -0.037578 -0.065244 0.036644 -0.034175 -0.15502 -0.00056144 0.057054 0.070142 -0.022019 -0.15825 0.021801 -0.12134 0.065672 0.15523
0.050526 0.010112 -0.044172 0.099306 -0.11039 -0.037399 -0.19704 0.093647 -0.065118 0.014426 0.13437 0.029009 -0.043431 0.14671 0.005148 0.057376 0.040384 0.017486 0.042538 -0.10431 -0.14241 -0.036358 -0.051856 -0.032997 -0.084531 -0.23081 0.076716 0.12562 -0.0030375 0.10524
0.056069 0.12024 0.032241 0.05814 0.044612 -0.0078846 -0.18442 0.065138 -0.10395 0.12963 0.23706 -0.087046 -0.072344 0.17183 -0.11451 0.048612 -0.040411 -0.0058514 0.050596 -0.05231 0.039588 0.033336 -0.013006 -0.013461 0.037925 0.050512 0.10324 0.22742 -0.059419 0.042707
0.054126 0.063897 0.06164 -0.044739 0.05543 0.11412 -0.06538 0.12599 0.11458 0.080328 0.020821 0.060811 -0.12266 0.025903 0.010741 0.024713 0.068704 0.21999 -0.031025 0.0088246 0.0066144 -0.10507 0.12433 0.031768 -0.10631 0.040487 0.00087246 0.016049 -0.1082 -0.076472
-0.15891 0.012683 -0.089647 -0.003092 -0.025055 -0.16822 -0.10319 -0.030586 0.13626 0.019274 -0.12171 -0.01277 -0.012214 0.097612 -0.13687 0.16782 -0.043413 -0.14415 -0.0091892 0.085324 0.081784 0.077142 0.07383 -0.1665 -0.010107 0.026043 0.046326 0.012606 -0.1864 -0.0029489
-0.072087 -0.020622 -0.059384 0.12689 -0.11669 -0.057775 -0.048502 -0.060693 0.087999 -0.22583 -0.12857 -0.16727 -0.059517 -0.051245 0.033798 0.11657 0.043458 0.098246 0.031169 0.10138 -0.049466 -0.15442 -0.024799 -0.01068 0.10356 0.021471 -0.17581 0.14198 -0.0081809 -0.0088228
-0.020243 0.35914 0.098598 0.1137 -0.059377 -0.16495 0.081941 0.223 -0.033893 -0.1036 0.011496 -0.041431 -0.14471 0.01096 0.17632 0.11297 0.053733 -0.090133 -0.082251 -0.025231 -0.0029941 -0.047724 -0.18069 0.039512 -0.02128 -0.19805 0.049325 0.046036 0.096989 0.049239
-0.11055 -0.0073747 0.02546 0.011472 0.069088 0.10846 0.030289 0.15897 0.11411 -0.01237 -0.073618 -0.052153 0.085344 0.086141 -0.23565 0.099482 -0.12683 0.10761 -0.049809 0.044405 -0.095112 -0.042806 -0.032073 0.0032097 -0.14458 0.11695 -0.16807 -0.091024 0.21228 -0.011368
0.10649 0.060621 -0.011166 -0.0074048 0.0066848 -0.13282 -0.18641 0.24458 -0.03058 0.10481 -0.017276 0.14889 -0.12584 0.0015582 -0.11087 -0.0074548 0.084295 0.12727 0.0074714 -0.20467 -0.11724 0.075542 -0.044608 -0.16837 -0.035612 -0.09368 0.015669 -0.068738 0.039333 0.0365
0.25288 0.21747 -0.10355 0.076317 0.018658 -0.067709 -0.03597 0.072115 0.0031826 -0.0063801 -0.10654 -0.10566 0.006676 -0.00054559 0.087986 -0.0024459 0.03493 -0.018244 0.027589 0.025906 0.07369 -0.14859 -0.04644 0.027221 -0.14357 0.040612 -0.0075082 0.04929 -0.090992 0.13191
0.044142 0.00043041 0.015712 -0.024845 0.089013 -0.082924 0.18291 0.083669 -0.022207 -0.0185 0.047083 0.056322 0.090272 -0.11738 0.15001 -0.091949 0.1249 -0.028771 -0.00079431 0.0021747 0.021664 0.063002 0.054951 0.052043 0.023459 0.053045 -0.071617 -0.050976 -0.0078534 0.18986
0.13732 -0.02501 0.0011916 -0.030052 0.086492 0.10161 -0.078844 -0.048543 -0.062511 0.051223 0.15651 -0.019801 0.013061 0.15709 -0.058261 -0.0020844 0.11483 0.013631 -0.027399 -0.060701 -0.048974 -0.026389 0.10266 0.12207 0.065269 0.017171 0.019098 -0.18389 0.038592 0.063043
-0.052713 -0.027594 0.025005 -0.0079374 -0.07266 0.0063329 -0.28146 0.17882 0.0075006 0.030105 0.099927 0.10165 0.070718 -0.031047 0.1408 0.12185 0.19207 0.16836 0.0026404 0.056188 0.14863 0.11818 -0.20757 -0.0087562 0.04233 0.068536 0.075035 0.015172 -0.116 -0.10315
0.025126 -0.09283 -0.010497 0.041213 0.067027 -0.021789 -0.22263 -0.017284 0.0092398 -0.042362 0.027215 0.053029 -0.014925 0.035497 -0.018522 0.061859 0.06985 -0.12703 0.044621 -0.11776 -0.094619 0.0003372 0.19019 0.12273 -0.04836 0.010775 0.0037203 0.063543 0.0062594 -0.10434
-0.0038824 0.065387 0.13411 -0.012465 0.055789 -0.061807 -0.1271 0.012381 -0.11851 0.016495 0.065321 -0.019435 0.27132 0.1041 -0.13883 0.024355 0.12984 0.056766 0.050883 0.032407 -0.035745 -0.027048 0.087891 0.032597 0.079621 0.047113 -0.074619 0.063554 -0.070403 -0.01548
-0.0018343 -0.040626 0.060801 -0.031314 0.11387 0.073954 0.066149 -0.064506 -0.0014804 -0.076662 -0.022892 -0.032109 -0.084443 -0.022688 -0.092383 0.059569 -0.048023 -0.086698 0.01158 -0.056139 0.014817 -0.10625 -0.14875 -0.25199 -0.073627 -0.081117 -0.13033 0.1198 -0.0492 0.064639
-0.15049 -0.25081 -0.14773 -0.10709 -0.14521 -0.14116 -0.066228 -0.026703 0.24896 -0.072515 -0.10964 0.14463 0.042771 -0.039735 -0.14696 0.0068815 0.14146 0.0063988 -0.060602 -0.20073 -0.19576 0.042112 0.0711 -0.081788 0.08832 -0.1231 0.028042 -0.044544 -0.0044321 0.06021
-0.040639 0.1075 -0.18447 0.055008 0.16915 -0.06923 0.019923 0.13708 0.03007 -0.024293 -0.034515 0.038087 -0.13465 -0.030843 -0.02215 0.017117 0.17349 -0.07408 -0.037812 0.049364 0.094548 0.25031 0.11088 0.18394 0.13736 -0.047357 -0.13854 0.036614 -0.040665 0.042927
-0.13343 0.09802 -0.022078 -0.032216 -0.12304 0.043798 -0.022594 0.019696 0.12758 -0.13334 -0.0079922 -0.093996 0.090601 -0.15104 0.0059996 0.17511 -0.051617 -0.094098 -0.022061 -0.0073235 0.060268 0.068386 0.1309 -0.023487 -0.0996 -0.099053 -0.10473 -0.075585 -0.095835 -0.1113
-0.034969 -0.044274 0.23182 0.054138 0.15951 -0.17326 -0.05005 0.0020284 0.0099535 0.036139 0.063614 -0.020481 0.062187 -0.099782 -0.02535 -0.18034 -0.02248 -0.20688 -0.13316 -0.14214 -0.15469 -0.046298 0.039742 0.14618 0.05279 0.042005 -0.010489 0.27904 -0.13055 -0.11542
-0.16533 -0.0075096 0.041167 -0.1306 -0.21313 -0.028809 0.144 0.23187 -0.056578 0.13314 -0.12108 0.14311 0.12682 0.062476 -0.073783 0.038535 0.19799 0.12115 0.19168 -0.03592 0.051925 -0.0069031 0.043577 0.19358 0.070214 -0.035545 -0.19997 0.077515 -0.075841 0.12365
0.081363 0.12886 0.064342 -0.11682 -0.12533 -0.0554 -0.15012 -0.099784 -0.040248 -0.16701 0.094966 -0.13541 -0.048853 0.011546 0.03928 0.18401 0.03792 -0.13132 -0.078027 -0.021348 -0.15207 -0.088297 0.093862 0.054668 0.21226 0.020023 -0.030623 -0.043413 -0.10609 0.010227
-0.14463 -0.057075 -0.016212 0.11728 0.0013858 0.18631 -0.13908 0.15969 -0.1619 -0.24727 0.18544 0.078988 -0.10598 0.11295 0.089906 -0.10677 -0.22613 0.066396 0.052416 -0.03323 0.18268 -0.059901 0.31903 0.052849 -0.047225 0.04244 -0.2036 -0.10862 0.049085 -0.0051625
-0.1397 -0.0066624 0.043056 0.02524 0.03287 0.10716 -0.03424 -0.01192 -0.096991 -0.074237 0.10966 -0.055566 0.054034 0.059271 0.13197 -0.056722 0.24906 -0.064888 0.024015 0.064557 0.095304 0.062577 -0.014429 0.21205 -0.10753 0.057413 0.16337 0.060441 -0.051873 -0.12566
-0.18206 -0.082628 -0.026168 0.12949 0.043445 0.0057027 0.089311 0.17406 0.065299 0.021837 0.10347 -0.14474 0.024457 0.011493 0.088882 -0.085868 -0.053936 0.031015 0.08092 -0.069441 0.1005 -0.02682 0.082045 0.04217 -0.086308 0.0087281 0.0029657 -0.092878 0.059861 0.074812
0.13771 0.028056 0.045471 0.024128 -0.038192 0.021513 0.11022 0.0036361 0.038653 0.062771 0.26796 0.014047 0.20807 0.057347 -0.043352 -0.00024909 0.19434 0.027638 -0.021722 0.09339 0.12882 0.088566 -0.20816 0.035347 0.01822 -0.018866 0.0064236 -0.066521 0.055437 0.010959
0.076446 -0.078369 -0.021421 -0.049467 0.0037439 -0.02336 -0.20606 0.016115 -0.035976 0.054236 0.024559 0.099799 0.049374 -0.014268 -0.054481 -0.056587 -0.023874 -0.14024 0.045496 0.071155 0.036053 -0.0065245 0.10734 -0.066761 -0.0019948 -0.055961 -0.0086568 -0.12131 -0.043712 -0.010063
-0.13915 0.084738 0.0050484 0.032183 -0.054946 0.29953 0.053108 0.04425 0.25769 0.030861 0.073568 0.032151 0.22589 0.034788 0.099735 0.048656 0.06545 -0.034638 0.0035384 -0.10855 0.045671 -0.049364 0.065565 -0.063095 -0.036096 -0.16623 0.12303 -0.023515 -0.21644 0.13735
-0.16005 0.015186 0.043031 -0.0078394 -0.029252 -0.025251 -0.084974 0.057611 0.15725 -0.041796 -0.12317 0.11045 0.16986 -0.029464 -0.039266 -0.053645 0.18636 -0.13764 0.003147 -0.017004 0.060237 0.11116 0.0039683 -0.11306 -0.027871 -0.011445 -0.011294 0.050937 0.069657 -0.051977
0.073297 -0.06462 -0.051917 -0.035735 0.034346 -0.19394 -0.033789 -0.16938 -0.018632 0.019976 0.069048 -0.069095 -0.13347 -0.103 -0.076073 -0.021666 0.0065833 -0.094355 -0.091425 -0.03206 -0.15896 -0.035237 0.128 -0.012654 0.13624 -0.050441 0.10233 -0.027307 0.0057251 -0.11284
-0.015807 -0.10619 0.017547 -0.078264 0.19625 -0.063343 -0.20025 -0.29337 -0.029574 0.087241 -0.038201 0.008226 -0.1081 0.067152 0.12801 0.20686 -0.22183 -0.0060999 -0.13942 -0.10235 -0.2207 -0.002798 0.0099773 0.15705 0.024938 0.04099 0.068137 0.040905 0.0050806 1.9526e-05
-0.097044 0.10257 -0.077054 0.061678 -0.017742 -0.046426 -0.043416 -0.14473 0.05331 0.045124 0.077004 -0.14061 -0.026721 0.0343 -0.081307 0.08911 0.0080287 -0.096878 -0.013014 -0.029747 0.087829 0.030429 0.24025 -0.035636 -0.13178 0.062507 -0.21982 -0.091864 0.19105 0.30986
0.019856 0.035448 -0.16629 0.040677 -0.17135 -0.14016 -0.092901 -0.029701 -0.064504 -0.0072395 0.2704 -0.23582 -0.1317 -0.04039 0.15645 0.17866 0.023566 -0.13587 0.14381 -0.039172 0.070329 -0.047393 0.01712 0.16563 0.06892 -0.051116 -0.025481 0.1488 -0.14219 0.017168
0.11506 0.082257 -0.0405 0.0026454 0.013274 0.035793 -0.08128 -0.029148 0.09235 -0.02015 0.012169 0.021094 -0.03856 -0.13098 -0.050768 0.15786 0.034477 -0.21807 0.0073146 -0.16234 -0.026463 0.041709 0.025995 -0.13907 0.22589 -0.11513 -0.083841 -0.0075958 0.15014 -0.084599
0.067242 0.083738 -0.09847 0.0036193 0.053384 0.1179 0.14107 0.034601 0.0091169 0.21266 0.036148 0.085707 0.12809 -0.026282 -0.17413 0.058373 0.035717 -0.05849 0.016897 0.2102 0.021534 -0.033092 -0.11687 -0.049639 0.055465 0.046022 0.15135 0.1037 -0.11821 -0.070812
-0.034466 -0.0050795 0.14587 0.013396 0.11629 -0.031236 0.11233 -0.0078209 0.03555 0.025147 0.17955 -0.1365 0.077213 -0.1047 -0.047773 0.066576 0.036077 0.11329 0.069963 0.019056 -0.069084 -0.13119 -0.025596 0.017293 -0.070442 -0.023116 -0.14477 -0.026246 -0.14068 0.029869
-0.098704 -0.1109 -0.0049005 0.05817 0.14327 -0.10274 0.049954 0.012364 -0.13202 -0.05012 0.10457 -0.10228 -0.087753 0.066525 -0.12381 0.020619 -0.0047646 0.10244 0.069165 -0.01169 0.013356 -0.0033176 0.085952 0.16504 -0.10315 0.13821 0.034169 0.12663 -0.12462 0.088557
-0.028887 0.13337 0.0982 -0.12772 0.18131 -0.071465 -0.12536 -0.14467 -0.0006716 -0.072796 0.13513 0.14306 0.13433 -0.035642 0.083642 -0.048892 -0.056915 -0.045809 0.033625 0.077433 0.10494 -0.020658 -0.11978 -0.089944 -0.056198 0.09257 -0.063147 -0.036129 0.056223 -0.11856
-0.11425 0.33071 -0.11486 0.01365 0.11019 0.033003 -0.12723 -0.013203 0.019224 -0.052647 0.11417 0.2425 0.070848 -0.13348 -0.08083 0.0028688 -0.14371 0.017549 -0.00087322 -0.21329 0.064853 0.0010522 -0.013276 -0.23291 0.0092009 -0.010748 -0.10996 0.059148 -0.10108 0.06224
-0.12557 0.019604 0.055586 0.053312 0.13058 -0.017696 0.026239 0.12556 -0.1509 0.063033 0.047627 0.16443 -0.014399 0.18727 -0.11252 0.0448 0.15147 -0.050486 -0.18655 0.167 0.10536 -0.044483 0.093801 0.00109 -0.14837 -0.16975 0.0034959 0.057221 0.06233 -0.03169
-0.15921 0.055027 -0.047843 0.030461 0.05673 -0.16009 -0.19956 -0.10497 -0.13445 0.024819 -0.10791 0.054909 0.0051079 -0.18445 -0.10624 0.028953 -0.071489 -0.096879 -0.050299 -0.3288 -0.15344 0.079434 0.021574 -0.028021 -0.21676 0.02365 -0.15657 0.038048 0.0010963 0.081566
-0.2081 0.17965 0.18653 0.044806 0.025631 0.051311 -0.0131 -0.014868 -0.1277 -0.04181 -0.017344 -0.026829 0.14724 -0.10355 0.10386 -0.056833 -0.12268 0.0042315 0.084375 -0.10369 0.1114 0.0077012 -0.13549 -0.079735 0.0015014 -0.071326 -0.092664 0.10383 -0.089727 0.027227
-0.082488 -0.0082156 0.046398 0.034883 0.20628 0.092416 -0.079855 0.1455 0.05976 0.12993 0.033327 0.052109 -0.055117 0.0029911 0.24455 -0.08849 0.092532 -0.052941 0.0070814 -0.020838 0.029483 -0.15351 0.062594 -0.043028 -0.057783 -0.045807 0.1419 -0.071584 0.068543 0.031902
0.007266 0.068166 0.032627 -0.0354 -0.053228 -0.17424 0.033753 -0.23065 0.057281 0.11693 0.031229 -0.10286 0.017396 0.1847 -0.085935 0.15763 -0.036751 0.045498 -0.015112 -0.20843 -0.1849 -0.036774 -0.074525 -0.05502 0.051356 -0.059303 -0.065943 0.033428 0.089168 0.15357
-0.059555 -0.13297 0.0026131 -0.068541 -0.041007 0.033091 -0.12407 -0.048195 -0.19275 -0.01913 0.11425 0.12796 -0.018096 -0.11437 -0.083613 0.089673 0.1235 0.05663 0.17479 -0.095801 -0.03666 0.066466 -0.046183 0.069609 -0.088243 -0.092938 -0.060498 -0.090488 0.12958 0.0095616
0.15073 0.043682 -0.0055364 0.15482 0.0034235 0.082107 -0.021601 -0.26418 -0.0016844 -0.088647 0.00032662 0.0023031 -0.035115 -0.080883 -0.12237 0.17865 0.14671 -0.047692 -0.024683 0.059937 -0.0058462 0.14489 -0.058847 0.059204 -0.11355 -0.13109 -0.082584 0.079138 -0.19372 -0.13491
0.13641 0.020201 -0.054536 0.1259 0.042815 0.07004 -0.18299 -0.1807 -0.17538 0.088293 -0.00083801 -0.024732 0.0079512 0.079668 0.050463 0.088885 -0.19311 -0.088892 0.20607 -0.018201 -0.050781 0.067321 0.042198 0.11652 0.039473 -0.004738 0.11595 -0.27359 -0.089921 0.17988
0.028158 0.0071947 -0.031097 0.11409 0.0096553 -0.041396 0.0031891 -0.29041 -0.010582 -0.015205 -0.13769 -0.021764 0.050419 0.006472 0.023063 0.13509 0.092083 -0.14415 0.063797 0.019125 0.087318 0.034351 0.055913 -0.093114 0.059978 -0.023572 0.18981 -0.063333 -0.0022881 0.042116
0.23219 0.14513 -0.12887 0.1371 0.16767 0.097671 -0.027165 -0.21205 0.030065 -0.016858 -0.016957 0.03937 0.15424 -0.045117 -0.15877 -0.11102 0.16354 0.013496 -0.094702 -0.014364 0.077448 -0.060298 -0.15037 0.007937 0.078806 0.15418 -0.1234 0.041661 -0.13493 0.05204
-0.021401 0.070507 0.019801 0.024852 -0.013418 -0.1132 -0.17817 -0.23942 -0.20954 -0.072794 -0.17443 0.096962 -0.0052584 -0.011214 -0.056795 0.10274 0.10031 0.0087912 -0.020672 0.049202 -0.098714 0.16136 -0.11398 -0.15644 -0.11848 -0.063297 -0.06952 -0.10966 0.11543 0.062419
0.029168 0.010312 0.20928 0.0035644 0.13911 -0.18233 -0.023634 -0.1393 0.12212 -0.24026 0.033181 -0.13858 -0.10543 -0.23219 0.077291 -0.0039312 0.09393 0.018546 -0.13749 -0.0496 0.33006 0.02276 -0.00092148 -0.019361 -0.031965 -0.07867 0.21385 -0.023453 -0.018622 0.0090872
0.032757 0.086558 -0.027859 0.0282 -0.1321 0.10261 0.0061611 -0.093432 -0.017313 -0.083047 -0.16749 -0.095036 0.008984 -0.16162 0.048418 -0.067056 0.071613 0.13229 0.092729 -0.16546 0.11866 0.052288 -0.11089 0.014617 -0.010659 0.018176 -0.048779 -0.04934 -0.060179 -0.16748
0.027501 0.025019 -0.33372 0.033725 0.083617 0.0053128 -0.093741 -0.22477 -0.12927 0.10528 -0.0056196 -0.027869 0.026264 0.14504 -0.085858 -0.00475 0.059262 0.063539 0.12339 0.052458 0.10167 -0.085993 0.21445 0.0049223 -0.093647 0.087703 -0.1934 0.10501 -0.0014981 0.03184
0.16449 0.11847 0.021535 -0.15822 -0.0061292 0.098926 0.077102 -0.13455 0.23134 0.047579 0.10058 0.082367 -0.079298 -0.24627 0.012375 0.24633 0.14108 -0.082737 0.031304 -0.10251 0.076557 0.065803 0.12725 0.013155 -0.0027068 0.12679 0.020482 -0.013411 -0.075407 -0.08878
0.046639 0.040903 0.057673 0.14031 -0.074501 -0.065532 -0.072503 -0.22854 0.18235 -0.088226 0.06836 0.11898 0.2082 -0.13671 -0.094833 0.31976 0.030807 0.02124 -0.053458 -0.11305 0.36993 0.027576 0.017511 0.069235 0.065792 -0.052696 -0.10689 0.031931 0.061729 0.11381
-0.13478 -0.17258 0.055048 -0.1517 -0.0031962 0.15819 -0.19249 -0.16545 0.028892 -0.060148 0.084707 -0.058317 -0.022026 0.12088 -0.077374 0.11583 0.15236 0.030951 -0.034729 -0.18432 0.40956 -0.097504 -0.065534 0.056964 0.16262 -0.031205 -0.22408 0.060669 -0.079582 -0.087071
-0.10722 -0.058771 -0.17947 -0.06837 -0.033428 -0.06469 -0.042067 -0.074383 -0.028375 0.030778 -0.083052 0.2538 0.049331 0.0090768 -0.092404 0.21665 -0.085565 0.047512 -0.092279 -0.046449 0.10425 0.084139 0.026756 0.15058 -0.13818 0.033059 0.0014282 -0.0014096 -0.041571 0.14843
0.01037 0.081092 0.1086 -0.039855 0.10325 0.081114 -0.10176 -0.081426 0.0873 0.020492 -0.25118 -0.12965 -0.09594 0.1765 -0.20646 0.14879 0.14199 -0.023951 -0.13327 0.17479 0.19728 0.0026811 0.13645 0.031129 0.19817 -0.0057173 0.03953 -0.017853 0.045587 -0.022656
-0.022412 -0.12413 0.20385 -0.24114 0.078699 -0.088908 -0.076141 0.05349 0.077794 -0.20293 -0.075878 0.16108 -0.035741 0.041754 0.073918 -0.11218 0.0079988 0.055379 0.079779 -0.013601 0.27371 -0.10123 0.057663 0.038942 -0.14986 -0.058796 -0.11833 -0.119 -0.061188 -0.18116
0.050494 -0.11585 -0.070012 -0.073414 0.0043916 -0.073839 -0.15688 -0.0019796 -0.25477 0.02879 -0.0055976 -0.040495 -0.05424 -0.16423 -0.067982 0.036177 0.17353 -0.009495 0.052236 -0.13923 -0.048542 0.025507 0.086919 0.01367 0.051827 0.063684 -0.19051 -0.09138 -0.1059 0.0067385
-0.071531 -0.13191 0.029208 -0.0097684 0.035817 -0.083621 0.077082 -0.084156 -0.10069 0.096209 -0.17807 -0.14239 -0.0028161 0.14278 -0.16214 -0.0016831 -0.1104 -0.080724 0.058436 -0.066719 0.11339 -0.073937 0.01667 0.059567 -0.10045 0.013206 -0.22143 0.08946 -0.046795 0.14745
0.074147 0.074444 -0.0055335 0.090367 -0.088125 -0.029117 -0.142 -0.18016 -0.15852 0.15002 -0.10245 -0.066518 0.010739 -0.16057 0.10211 0.022544 -0.030783 0.088951 -0.055248 -0.035233 0.013696 -0.20159 0.078484 0.097158 -0.054286 0.076684 0.11832 -0.16163 -0.062794 0.065218
-0.0022932 0.031913 -0.030811 -0.03731 -0.051104 0.025585 -0.017027 0.0067413 -0.065346 0.033136 0.096945 0.039282 -0.015223 -0.096761 0.16774 0.15384 -0.088969 -0.14505 0.07597 0.029819 -0.045247 0.041518 -0.024026 0.098662 -0.012874 -0.023588 0.051196 0.028049 -0.040138 -0.077328
0.215 -0.038211 -0.016671 -0.042927 0.06839 0.081169 -0.032649 -0.2137 0.096833 0.0018509 -0.039956 0.10123 0.035071 0.16171 0.13407 0.13737 0.017878 -0.15275 -0.10189 -0.15555 -0.081195 0.070247 -0.23629 -0.076322 -0.11103 0.071286 0.084696 0.17142 0.0093253 0.062966
-0.023419 0.16192 0.0091829 0.1808 0.080993 0.11287 0.049702 -0.27835 -0.16286 0.033662 0.006775 -0.065529 0.23389 0.04138 0.056441 -0.011244 0.069526 0.016934 0.091986 -0.0070934 -0.089812 0.032336 0.020479 -0.094451 -0.017394 0.069201 -0.12069 0.056115 -0.088228 -0.26162
0.093449 -0.074303 0.09793 0.073191 -0.10261 0.065874 -0.10272 -0.092607 -0.056426 -0.1151 -0.19652 0.13061 0.051463 0.1415 -0.050816 0.19913 -0.14759 -0.049209 -0.071943 0.26771 0.094663 -0.061759 -0.13697 -0.076246 -0.043213 -0.029469 0.061916 -0.052354 0.062869 0.24646
-0.04623 -0.1232 -0.11462 0.0029617 0.1154 0.036954 0.03615 0.0071504 0.055574 0.0021267 -0.010431 0.065732 0.059366 0.11854 0.094434 0.093256 -0.11743 0.0044843 0.0013697 -0.049168 -0.077113 0.020758 0.31443 -0.063821 -0.036611 -0.13403 -0.12576 -0.01348 0.057968 0.1103
0.15244 0.18665 -0.0053559 -0.0038561 0.064707 -0.048501 0.086412 -0.11477 -0.312 -0.11219 -0.010387 0.025057 -0.059137 0.05881 0.14395 0.085711 0.21328 -0.012699 0.01786 -0.026278 -0.083502 -0.09563 0.10373 -0.12438 0.013823 0.042633 -0.1157 -0.048173 -0.049864 0.2218
0.12147 0.025663 -0.025607 0.0027115 0.005566 -0.088875 -0.027919 -0.078247 0.13633 -0.014437 -0.24742 0.18216 0.092002 0.12755 0.10211 0.072611 0.082406 0.17145 -0.078794 -0.065533 0.019363 -0.0047996 0.056769 -0.093215 0.075164 -0.0088093 -0.044478 -0.0043329 0.018634 -0.13945
-0.073588 0.12124 0.12152 0.039333 -0.060049 0.0079689 -0.047838 -0.059145 -0.22116 -0.0766 -0.064278 -0.15402 0.010872 -0.21955 0.074781 0.073731 0.049983 -0.16948 0.077369 -0.12558 0.16124 0.057922 -0.0072758 0.13451 0.038833 0.11419 -0.019827 0.013679 -0.02633 0.054239
0.072757 -0.080543 0.15992 0.1066 -0.030755 0.031594 0.040438 0.046288 -0.023257 -0.06605 -0.034384 0.14629 -0.25949 0.034162 -0.0046716 0.16992 -0.16173 -0.14765 0.1181 0.03379 0.092448 -0.13097 0.15949 0.097234 -0.078962 -0.028509 -0.11584 0.0020452 0.042237 0.093496
0.030619 -0.051537 -0.1838 -0.1337 0.040034 -0.070802 -0.015208 -0.050563 -0.03362 0.0997 -0.023538 -0.073631 0.0077566 -0.035058 0.13734 -0.16228 -0.10266 0.15908 0.012129 0.022139 0.017725 -0.042365 0.032304 0.024069 -0.15134 0.036986 0.034769 0.030426 -0.048202 -0.077082
-0.0024178 0.10495 0.008322 -0.18269 -0.14663 0.16065 0.18444 -0.17454 0.0031041 -0.053039 0.057875 -0.058394 0.25823 0.015894 0.020864 -0.062211 0.069924 -0.080798 -0.087607 -0.048821 -0.067769 0.078739 0.17827 -0.084974 0.14744 -0.0068979 -0.0075502 -0.029921 0.025176 -0.044534
0.0396 -3.1786e-05 0.12386 -0.023287 -0.013956 0.15779 0.0077198 -0.055696 0.05588 0.097153 0.14937 -0.015583 -0.16129 0.046729 -0.022702 0.055546 -0.015358 -0.077178 0.010871 0.017767 0.36155 0.054414 0.0084625 -0.02154 -0.20854 -0.063118 -0.0077543 0.075489 0.011335 -0.20868
-0.12622 -0.065918 0.039877 -0.054558 0.038858 0.065373 -0.21175 0.19997 -0.16709 -0.031273 0.077003 0.12385 -0.15812 0.10619 -0.033869 -0.12874 0.123 -0.017797 0.17262 -0.070247 0.060821 0.038336 -0.0058973 -0.082665 0.15618 -0.0060776 0.16328 0.15896 0.037604 0.076842
0.023898 -0.039873 -0.063374 0.0811 0.045307 0.047317 0.064279 0.020276 0.11045 0.017036 0.098253 0.0098097 0.11079 -0.05207 -0.23248 0.025726 0.19335 0.029978 -0.028466 -0.077262 -0.028956 0.093265 0.093543 -0.0037168 -0.038935 0.043218 -0.163 -0.12165 -0.081315 -0.13549
-0.059869 -0.27959 -0.14832 -0.056927 0.11168 -0.092117 0.062184 -0.017295 -0.014746 -0.01016 -0.12108 0.060243 -0.13841 -0.076742 -0.047085 -0.015479 -0.24239 -0.10321 -0.13662 0.0018054 0.034722 -0.20997 0.11377 0.15144 -0.1202 -0.025813 0.05812 0.063362 -0.16166 0.14676
-0.0011377 0.085331 0.059158 -0.047431 0.046485 -0.20752 -0.113 0.029349 0.0045698 0.01579 -0.10265 -0.093455 -0.14549 -0.045573 -0.15349 -0.043662 0.11894 -0.011394 -0.010416 -0.21316 -0.043612 -0.065005 -0.0036215 -0.077901 0.07515 -0.056565 -0.00032748 0.054626 0.0092203 0.038188
0.014177 -0.094435 0.045409 -0.092333 0.10211 -0.057846 -0.069357 0.20219 -0.13102 0.001066 -0.15344 0.11245 -0.030468 0.081674 0.020714 -0.069097 -0.022074 -0.17909 -0.036983 0.12202 0.032368 -0.11696 0.13979 0.070764 -0.018196 0.061189 -0.083347 -0.10641 0.012227 -0.09119
-0.1092 -0.14809 -0.049319 0.15591 -0.13753 -0.1223 0.077453 -0.04324 -0.015907 -0.090133 0.18635 0.035448 -0.087157 -0.03343 0.18395 -0.071966 -0.069455 0.013712 0.12749 0.040072 -0.057804 0.061044 0.02272 0.087806 7.4094e-05 -0.095229 -0.10316 -0.0086159 -0.178 0.068468
-0.0030696 -0.06311 -0.092542 0.14845 -0.070582 0.07271 -0.10197 -0.16847 0.022907 -0.13019 -0.1954 -0.074253 0.0031157 -0.040434 -0.006038 -0.008329 0.11958 -0.069008 0.011133 -0.062088 -0.17644 0.036357 -0.0075159 0.031801 0.052729 -0.14206 -0.1952 -0.092492 0.064696 -0.0037654
-0.025552 0.018701 0.10009 -0.070499 0.069763 0.18589 -0.062357 0.092907 -0.00053419 -0.033056 -0.0047765 0.024367 -0.066746 0.053455 -0.16726 -0.042733 -0.11342 -0.02003 -0.12978 -0.10394 -0.018892 -0.077855 -0.017341 -0.096484 -0.0023429 0.0064638 -0.1255 -0.0071501 0.10467 0.048923
-0.18212 0.015461 -0.089309 0.019431 -0.10558 0.050205 0.018543 0.066703 0.037094 0.024698 -0.023294 0.038425 -0.10182 -0.1159 0.17764 0.040168 0.0059461 -0.031862 -0.04277 0.0041802 0.17581 -0.0031335 0.10054 -0.0038656 -0.029277 -0.12144 -0.21522 0.081744 -0.065474 0.10111
-0.089738 -0.12454 -0.055688 0.10419 -0.05643 -0.031357 -0.12038 -0.045677 -0.13253 -0.024543 0.059885 0.10839 0.0079127 0.083606 -0.01667 -0.12053 0.085919 0.069414 0.064032 0.1891 -0.078083 -0.095947 0.12277 0.037067 0.040305 -0.15743 -0.039249 0.025073 -0.11039 0.10656
-0.10881 -0.077295 0.051911 -0.078084 0.14915 -0.097539 0.020399 0.11734 -0.23541 0.0042282 -0.13665 -0.0066724 -0.080993 0.042467 0.27654 0.045816 0.16927 0.1443 0.045224 0.0033322 0.071483 -0.12579 0.11521 0.09525 0.0059051 0.0057399 0.017309 0.17394 -0.070132 0.052706
0.041094 0.0825 -0.028152 -0.049648 -0.12551 -0.045667 -0.010165 0.15411 -0.021513 0.12829 -0.20752 0.11297 -0.23962 -0.0773 0.088331 -0.12326 0.085396 0.12013 0.12625 -0.14346 0.02658 -0.0085506 0.018426 -0.038387 -0.043469 0.050909 0.020359 0.11858 -0.10558 0.027067
0.13083 -0.12926 0.18124 -0.10275 0.033064 0.086343 0.16998 0.28132 -0.12134 -0.051409 -0.064362 0.027207 0.086432 0.15973 0.21325 -0.31755 -0.067165 -0.084026 -0.095994 0.14341 0.14739 -0.023713 -0.0082642 -0.02866 -0.013228 -0.063812 -0.078884 0.023904 -0.061081 0.14916
-0.017388 -0.038547 0.10398 -0.026111 0.094639 0.012868 0.039339 0.081674 -0.021745 -0.06433 0.16283 0.16747 -0.18328 -0.20116 0.22087 -0.21746 0.19745 0.073183 -0.066348 -0.10326 0.026789 -0.0099088 0.12028 -0.030252 -0.077203 0.03826 -0.030643 0.17883 0.0068892 0.20152
0.11503 -0.067608 -0.10289 0.25766 -0.092389 0.19501 -0.065811 -0.006004 0.025633 0.049114 0.027058 0.040242 -0.025287 0.1286 0.1637 -0.10494 0.051413 -0.069929 0.099678 -0.11653 0.050537 -0.10628 -0.026231 0.16628 0.085236 -0.1392 -0.048784 -0.065787 -0.021241 0.060345
0.11991 0.041445 -0.018113 -0.18406 0.0053272 -0.089703 0.083118 -0.086154 -0.15549 -0.036478 0.035736 0.13352 0.17155 -0.0051869 -0.23679 -0.089012 0.049211 -0.011823 0.055264 -0.044208 0.062577 0.1797 -0.049164 0.020964 -0.042297 -0.004063 0.087051 0.017249 0.11333 0.23557
0.061181 0.078946 0.0030328 -0.12921 -0.076762 -0.26167 -0.054016 -0.23854 -0.19016 -0.0021674 -0.076594 0.04739 -0.1955 -0.16729 0.080207 -0.19043 0.062122 -0.18894 -0.063817 -0.057131 0.0019064 -0.007448 -0.080415 0.18371 -0.042375 -0.12067 -0.030378 -0.074222 -0.084879 -0.11626
0.020801 -0.041683 0.026369 0.14108 -0.052491 0.009953 0.10105 -0.06073 -0.11032 0.055629 0.010187 0.050109 0.058241 0.027735 0.092409 -0.10864 -0.1209 -0.04194 0.013054 -0.058098 0.028593 0.12345 0.13437 0.090039 0.045259 -0.098471 -0.030233 0.17135 -0.14515 -0.13313
0.11761 -0.13234 0.027789 0.00336 0.06915 -0.094561 -0.15853 0.11334 -0.098696 -0.04283 -0.1153 -0.047461 0.17642 -0.14931 -0.070921 -0.10228 0.0588 -0.066474 0.078448 -0.093919 0.055019 0.013306 0.12967 0.0090142 0.074681 -0.094037 0.014608 0.0087285 -0.040039 0.15812
-0.029882 -0.056927 0.070977 0.10725 0.024243 0.067164 0.10028 -0.1162 -0.036516 -0.029261 -0.058659 0.03226 0.11941 0.17178 -0.12302 -0.14118 0.20261 0.024162 -0.089915 -0.16442 -0.12685 0.15329 0.028802 -0.078727 -0.057391 -0.23503 0.021826 -0.077479 0.094905 0.015812
-0.012109 0.054303 -0.068477 -0.061489 0.061915 0.023569 0.037438 -0.004232 -0.041877 0.19032 -0.12629 0.084843 -0.063838 -0.0040277 -0.065343 -0.022858 0.1231 -0.049194 -0.016139 0.020492 -0.073286 0.12492 -0.00065639 0.024334 0.051235 0.065573 -0.35669 0.070287 0.1031 -0.10623
0.035925 -0.038728 -0.12335 -0.063558 -0.019257 0.12618 0.057075 -0.079528 0.088892 -0.011252 -0.070086 0.021412 -0.025675 -0.18988 -0.063644 0.16474 -0.022429 0.036111 -0.19558 0.0056893 0.051325 0.0091696 0.080012 0.15601 0.051396 -0.18006 -0.19542 -0.18101 -0.1504 -0.0073124
0.034228 0.050979 0.037041 0.0098348 0.087615 -0.19443 -0.045138 0.17518 -0.02709 -0.10674 0.059166 -0.038985 -0.22173 -0.11252 0.11585 0.053382 -0.048972 0.099684 0.15673 -0.07387 0.061008 -0.049105 -0.042381 -0.15161 -0.077554 -0.0090812 -0.013726 0.024 -0.10739 -0.027288
-0.053473 0.04726 -0.019596 -0.10331 -0.27181 0.030699 0.069296 0.080453 0.06357 -0.023367 0.11415 -0.073263 0.053723 0.023134 -0.19377 -0.17753 -0.18948 0.080824 -0.069423 0.069822 -0.14049 0.12896 -0.014876 0.12563 -0.004219 0.027662 0.088104 0.018188 0.10681 -0.022315
-0.049409 0.08648 0.043956 0.12751 -0.038332 0.063294 -0.011823 -0.065048 -0.036992 0.080587 -0.056135 -0.071188 -0.081824 -0.062634 -0.046849 -0.020201 0.093124 0.0084687 -0.011692 0.23263 -0.00023601 0.11716 0.0046916 -0.096146 -0.047118 -0.097884 -0.081921 -0.021794 0.082571 0.054375
0.045438 0.10173 -0.058668 0.046258 0.16366 -0.15538 0.028283 -0.046664 -0.14051 0.080662 -0.0086147 0.25541 -0.010161 0.071776 -0.0039951 -0.3211 -0.051612 0.041169 0.012249 -0.039484 -0.029404 -0.16777 -0.03867 0.045287 -0.11744 -0.0092146 0.013748 -0.092598 -0.17419 0.026422
-0.19744 0.0048421 0.02267 -0.021653 0.11422 0.089192 -0.069154 0.14196 0.060172 -0.068063 -0.075111 0.027388 0.053176 -0.22714 0.01847 -0.036133 -0.082098 -0.085715 -0.10767 -0.1493 0.0069529 -0.11163 -0.062854 0.094005 0.017596 0.21014 -0.16006 -0.048431 -0.19444 -0.090181
0.035404 0.073936 -0.013234 -0.046257 -0.0016689 0.21184 0.071024 0.10029 -0.084392 0.095985 0.025505 0.020115 0.0078814 0.090412 -0.14965 -0.33059 0.080526 -0.091457 0.055521 0.0093995 0.0051483 0.01933 0.15046 -0.05537 -0.12825 0.096046 -0.23176 0.14432 0.081157 -0.060309
0.22768 -0.022492 0.046161 -0.087129 -0.061811 0.024132 -0.011323 0.10033 -0.16877 0.092759 -0.069172 -0.20422 -0.045862 -0.14689 0.12169 -0.058113 0.046541 -0.15959 -0.032928 0.12814 -0.1667 0.053653 0.16956 -0.20911 -0.080995 -0.049598 0.0014103 -0.0072271 -0.050482 0.068992
0.0050596 -0.0080397 0.12067 0.056126 0.16017 0.10029 0.07508 0.037084 0.038131 -0.067638 -0.099685 -0.074649 -0.087403 -0.10857 0.079615 -0.1633 0.011934 0.027047 0.017313 0.13361 0.00089712 -0.13753 -0.20673 0.11685 -0.025613 -0.078169 0.06981 -0.081992 -0.15397 0.20647
0.044943 -0.1376 0.038527 0.057778 0.26504 0.0042807 0.069792 0.042294 0.048291 0.039871 0.10084 0.043313 0.077918 -0.07293 0.16155 0.00015324 0.090359 -0.011696 0.017228 0.010178 -0.037304 0.020447 0.047323 -0.13715 -0.072338 -0.032424 -0.08014 0.097886 -0.013239 0.12102
-0.0062394 -0.0041544 -0.094274 0.065554 -0.10258 -0.16051 -0.10022 0.027456 0.034875 -0.075215 0.095037 -0.084998 -0.030068 0.26076 0.028459 -0.17819 0.08082 -0.059074 0.12699 -0.037198 -0.029017 -0.078162 -0.024196 0.099773 0.049392 -0.10003 -0.028963 0.041844 0.089528 -0.052838
0.12565 0.18904 0.015295 -0.097832 0.087497 0.030164 -0.13214 -0.0043731 -0.086266 -0.14723 -0.036203 0.13429 0.014114 -0.065423 -0.056108 -0.076277 -0.084282 -0.0025113 -0.04483 -0.22494 -0.086204 -0.097781 -0.16004 -0.00028829 -0.12257 0.044481 -0.053986 0.17129 0.12547 0.0084923
0.012067 -0.103 0.090895 -0.10518 0.062449 -0.042838 -0.10619 0.009776 -0.011195 -0.12534 -0.093606 0.1034 0.067458 0.13194 -0.16424 -0.0034433 -0.11838 -0.087387 0.071605 0.17357 -0.24332 0.0841 -0.0017296 -0.0061641 0.13851 -0.041394 0.021197 0.060193 -0.22821 0.05798
0.086698 -0.13997 0.023599 0.074995 0.094887 -0.020753 -0.097234 -0.19906 -0.091621 0.10462 0.10466 -0.027047 0.15383 -0.11385 0.18838 0.084104 -0.0090368 -0.15388 -0.012546 -0.016727 0.026309 -0.10138 -0.091522 -0.071533 0.038529 -0.25161 0.019744 -0.0032342 0.12537 -0.10065
