0.079208 -0.090948 0.26376 0.0057058 -0.29873 -0.24304
0.018743 0.042417 -0.066749 -0.20462 -0.29126 -0.064644
0.12476 0.078139 0.15442 -0.32989 0.25219 0.43696
0.10927 0.066337 -0.00056612 -0.1372 -0.15714 0.20951
0.10318 0.097634 0.15403 -0.20843 -0.26571 0.167
0.082331 0.034883 0.015367 -0.072176 0.023121 -0.27273
-0.15168 0.061512 0.0044849 -0.041118 -0.092401 0.1267
-0.041712 -0.15963 -0.058688 -0.14067 -0.029384 0.95692
-0.048706 0.089493 0.067482 0.08616 0.022906 0.10811
0.092205 0.028636 0.065448 -0.03628 0.16893 -0.53883
-0.015501 0.050828 -0.13885 -0.055515 -0.054285 0.19969
-0.083046 0.21542 -0.021945 -0.21233 0.044537 0.018067
0.077337 -0.11349 -0.10219 0.19589 -0.13061 0.24038
-0.10031 -0.088358 -0.07406 0.1971 0.036749 -0.14293
-0.037476 0.013079 0.21952 -0.12044 -0.29931 0.61019
-0.1276 0.16994 -0.18775 -0.24952 -0.038259 -0.38275
0.075654 -0.24784 -0.09479 -0.085695 0.0095165 -0.18233
-0.0346 -0.09318 0.049931 -0.17172 -0.053708 0.082321
-0.063439 -0.036407 0.053301 -0.057689 0.071126 0.71118
-0.032074 -0.19813 -0.04928 0.1204 0.15622 0.17633
-0.055249 0.23645 0.065887 0.07244 0.06346 1.0276
-0.01241 0.02763 0.14404 -0.11332 0.068224 -0.75124
-0.014999 0.05621 0.0474 -0.0040993 0.11337 -0.10802
0.19088 -0.018368 -0.061242 0.085427 -0.0034345 0.53812
0.1267 0.083386 0.039339 -0.089995 -0.097692 -0.58644
-0.011139 -0.069328 0.032277 0.089891 -0.036575 0.088942
-0.00743 0.019735 -0.18284 0.041479 -0.0046848 0.22394
-0.037936 -0.072592 -0.075767 0.25728 -0.026013 0.42325
-0.0013121 0.13377 0.098985 -0.047149 0.04011 0.27191
0.1157 0.065959 0.075515 0.23997 0.025572 -0.28374
