0.16446 0.03135 0.024964 0.19244 0.014142 -0.013537 0.47953 0.076401 -0.056472 0.18286 0.17007 -0.044685 -0.080744 -0.1044 0.23506 -0.13984 -0.019031 -0.19069 -0.14095 -0.029521 0.22725 0.2783 -0.071928 0.13657 0.16365
0.061445 -0.18449 -0.19361 0.16244 -0.12619 0.066979 0.22931 0.088891 0.26339 -0.035762 -0.085057 0.00070844 -0.19242 -0.071291 0.13031 -0.018838 -0.26228 0.063154 0.10922 -0.069895 -0.027201 0.011116 -0.086694 0.13895 -0.18459
-0.072728 -0.084944 0.016681 0.092526 -0.010833 0.012288 -0.16322 -0.0066517 0.14945 0.23085 0.044825 -0.015352 0.26153 -0.0091261 0.19546 0.063493 -0.15541 0.021188 0.02452 0.090901 0.01963 0.057329 -0.053007 -0.055366 -0.095852
0.058542 0.20511 0.30257 0.18312 -0.077518 -0.057589 0.014373 0.081682 -0.0078295 -0.036886 0.29905 -0.057726 -0.16906 0.053979 0.29678 -0.061869 0.11572 -0.085729 -0.0015567 0.055267 -0.12267 -0.11611 0.11843 0.0014888 0.042176
0.053916 0.023485 0.23627 0.24938 -0.082814 0.10483 -0.22743 0.12943 -0.041263 -0.13068 0.19866 0.032184 -0.14017 -0.020046 0.18865 -0.17917 -0.31561 -0.14628 -0.17792 0.021295 0.34481 0.058151 -0.050868 0.095543 -0.16133
0.023952 -0.14088 -0.038136 0.29345 -0.0047273 -0.18016 -0.19929 0.11383 -0.04499 0.13075 0.087219 -0.05234 -0.28843 -0.003251 0.38124 -0.032406 -0.033159 -0.17782 0.08144 0.063031 0.17104 0.11733 -0.03322 0.10184 0.20897
-0.075807 0.0032425 -0.32919 0.17928 0.024696 -0.0092436 -0.22215 0.072893 0.060965 -0.013227 0.076421 0.25575 -0.22969 -0.010135 0.16101 -0.097542 -0.026036 0.010791 -0.13459 0.040291 0.16868 -0.19375 -0.087633 0.14593 0.15497
0.081934 -0.083167 0.18209 0.21284 -0.023286 0.0098915 0.031931 0.033692 0.10465 -0.041096 0.24315 -0.006859 -0.047673 0.089846 0.04932 -0.065985 -0.17172 -0.40583 -0.031899 0.043151 -0.19308 0.14855 -0.055702 -0.11471 -0.021272
0.25185 0.17964 0.39685 0.24152 -0.041615 -0.11021 -0.10863 0.14349 0.21149 -0.22932 0.10106 0.13345 -0.21689 0.0070988 0.041288 -0.044165 -0.37611 0.045899 -0.063874 0.067643 0.11136 -0.0042109 -0.0058127 -0.014312 0.031581
0.21808 0.49349 -0.16419 -2.7621 0.0086828 -0.13373 -0.028551 0.073444 -0.16763 -0.061217 0.091479 -0.25443 0.044054 -0.024617 0.15848 0.13733 -0.35528 0.089073 -0.34542 0.049904 -0.099779 0.18023 -0.024016 0.087651 0.26099
0.086558 -0.2528 -0.4328 0.19154 -0.081078 0.041353 -0.0023821 0.12588 0.021024 -0.09901 0.010753 -0.064865 -0.23322 0.044627 0.093357 -0.27348 -0.1795 -0.2504 0.14595 0.082529 0.02648 -0.0020808 -0.039633 0.020912 0.15891
0.012535 -0.0032216 -0.59375 0.073038 -0.047778 0.024203 -0.0082746 -0.01695 0.1784 -0.28279 0.10843 0.061828 -0.24976 -0.044131 0.1503 -0.25637 -0.13211 -0.47947 0.033078 0.034889 0.16569 -0.091484 -0.03159 -0.03652 -0.010742
-0.31177 0.17288 0.10753 0.11475 0.062878 -0.10201 -0.10819 -0.024403 0.053396 0.099883 0.23545 0.018632 0.072403 -0.053578 -0.052728 -0.14586 0.022628 -0.12476 0.034206 0.064462 -0.19805 -0.15536 0.013928 -0.021835 -0.035043
0.077091 0.021299 0.41529 0.26919 -0.080745 -0.0042845 -0.07627 0.10871 0.10316 -0.19016 -0.0089768 0.0060296 0.1422 -0.040336 0.044228 -0.2061 -0.25338 0.0095211 -0.0946 0.049219 -0.062691 0.026274 -0.066131 0.044708 0.0017129
0.32849 -0.085879 0.52246 0.32803 -0.099807 0.052616 -0.27161 0.13925 0.13855 -0.3094 0.039759 -0.06722 -0.057242 -0.11371 0.020481 -0.23559 -0.56905 -0.21599 -0.14991 -0.016125 0.14379 0.1028 -0.091938 0.073539 -0.0036028
0.24863 0.23383 -0.10838 0.30643 0.0033466 0.028408 -0.050944 0.09952 0.17854 0.032743 0.1302 -0.065325 -0.34297 0.013702 -0.13328 -0.068475 0.23267 0.01442 0.11113 -0.0119 0.22383 0.20102 -0.011529 -0.10212 0.2744
0.022042 0.18191 -0.14211 0.2797 -0.057689 0.030285 -0.059125 0.10191 0.034616 -0.43772 0.052506 -0.15509 -0.14891 0.020702 0.083527 0.0083189 0.066901 -0.19778 0.093302 0.063224 0.25214 0.11288 0.10417 -0.072419 0.28511
0.018885 0.12518 0.198 0.18342 0.039674 -0.041284 -0.087954 0.063135 0.075201 -0.11914 0.24891 -0.10505 0.0082249 0.017661 0.038581 -0.2492 -0.24557 -0.23836 0.063131 -0.017558 -0.16162 0.13768 -0.079835 0.097028 0.14635
-0.28483 0.1828 0.25942 0.13569 0.0033715 -0.073015 0.016612 0.11172 0.087451 0.011598 -0.091178 -0.0023788 -0.22134 0.038105 -0.20042 -0.17558 -0.40975 0.062417 0.001655 0.044775 -0.086293 0.1004 0.12945 -0.089084 0.19379
-0.058171 0.18628 0.21006 0.15774 -0.076491 0.071115 -0.10857 0.097903 0.055534 -0.28938 -0.080685 0.0083924 -0.31076 -0.057811 -0.21163 -0.15967 -0.20788 0.022642 0.055697 -0.037279 -0.3245 0.020724 -0.042227 0.091287 0.11296
0.26867 0.26367 -0.35022 0.18981 -0.033401 -0.052844 -0.22281 0.073282 0.10149 -0.17864 -0.069747 0.10736 -0.1666 0.05422 0.010585 -0.051289 0.034997 0.13582 0.054469 0.019535 0.22401 0.26497 0.060577 -0.07153 0.36133
0.14827 0.25707 -0.35547 0.057955 0.043582 0.26306 -0.18476 0.21941 0.0038585 0.088365 0.02139 0.018611 -0.20265 0.15895 -0.35091 -0.040984 0.021287 -0.084911 -0.06488 0.072097 0.14792 0.16858 -0.083621 -0.0010159 0.25184
0.1175 0.15676 0.098186 0.16736 0.001229 -0.13351 -0.23697 0.079396 0.36072 0.0096975 0.23968 0.12142 -0.10759 0.093343 -0.17856 -0.19938 -0.020668 -0.087769 0.013044 0.081845 -0.20622 0.04457 -0.071536 -0.034911 0.08734
0.014581 0.078803 0.0096062 0.038335 0.055847 0.079523 -0.07723 0.25332 0.086823 -0.12547 0.07481 0.068988 -0.10999 0.088884 -0.69053 -0.15417 -0.14554 -0.18071 0.064963 -0.04708 -0.19055 0.051879 -0.032232 -0.1749 0.093863
-0.020359 0.12462 -0.018557 0.038635 0.10395 -0.025854 0.16259 -1.3467 -0.050885 0.00334 0.011695 -0.028074 -0.016906 -0.12703 -0.017396 -0.18951 -0.23452 -0.25822 0.090928 -0.059585 -0.55748 0.24246 -0.072567 -0.22894 0.15299
0.1159 -0.019161 0.046964 -0.063938 0.066057 0.03908 -0.030688 0.052389 0.10461 0.088588 0.13266 -1.0334 -0.0051187 0.092345 -0.087991 -0.059745 -0.27115 0.053061 -0.16769 -0.14737 -0.24554 -0.04372 -0.14372 0.12971 0.02234
0.040842 -0.037102 0.015431 -0.063869 0.025196 -1.1582 0.10562 -0.049207 0.2451 0.072588 0.081964 -0.45876 -0.094412 -0.041701 0.018838 0.032584 0.20719 0.16044 0.0070142 -0.020232 -0.2935 -0.11781 -0.11559 0.083043 0.073764
-0.1231 -0.11936 -0.16517 -0.061792 -0.10153 -0.091525 -0.057405 0.090436 -0.028118 0.0063419 -0.25725 -0.37761 0.061662 -0.15678 -0.10618 0.12847 0.034494 -0.019533 -0.15019 -0.35768 -0.026829 -0.11699 -0.17785 -0.10048 -0.10915
0.050377 -0.08858 0.053137 0.056072 0.021045 0.12674 -0.0092331 -0.083465 0.21679 0.20468 -0.40484 0.002549 -0.25144 -0.23544 -0.12627 0.018745 -0.23402 0.10476 -0.012441 -0.31989 -0.33224 0.092096 -0.40869 -0.36133 0.18897
0.0036473 -0.37495 -0.02772 0.065118 0.06135 0.184 -0.093178 -0.011124 -0.27364 -0.32869 -0.21584 0.12794 0.10267 -0.25993 0.040388 -0.26081 -0.11825 0.41815 -0.19945 -0.056369 -0.19611 0.05297 -0.008612 -0.030906 -0.17716
0.093595 0.25657 -0.18348 -0.013855 0.0016126 0.34707 0.065997 0.042354 0.15078 0.012747 -0.095901 -0.2271 0.20374 0.3524 0.0057969 -0.20924 -0.19261 -0.21271 0.025595 -0.13073 -0.18506 -0.073002 -0.32357 0.19821 -0.17012
0.12154 0.069612 0.002362 -0.10686 0.08843 -0.51607 0.12685 -0.043239 -0.15632 0.030826 0.22669 -0.2939 -0.075597 0.097581 -0.00090142 -0.040754 -0.031526 -0.23344 -0.017244 0.056707 -0.18565 -0.07796 -0.049643 0.078062 0.15111
0.077493 0.13794 0.087204 -0.084907 -0.0077043 -0.32497 0.020272 0.041091 -0.32944 -0.01418 0.079075 -0.26904 0.12699 -0.0018795 0.012759 0.075138 0.12534 0.045571 -0.092517 -0.053149 -0.056889 -0.051563 0.11806 -0.27476 0.33192
0.062955 -0.088492 0.058904 0.062385 0.031342 0.12769 -0.098882 0.00025723 0.0070058 0.060836 -0.31525 0.11751 -0.171 -0.27303 -0.13701 -0.18399 -0.057042 0.24111 -0.063827 -0.2154 -0.25873 -0.031511 -0.29999 0.17998 0.06866
-0.018646 -0.11925 -0.075193 0.01577 -0.06684 0.47094 -0.11117 -0.046403 0.34051 -0.30492 -0.21961 0.16493 -0.14151 -0.23857 0.012907 -0.17531 -0.10613 0.21185 -0.40901 -0.37064 -0.10791 -0.014277 -0.28163 -1.1126 -0.19539
0.070078 -0.18023 0.10148 0.033887 0.094729 0.15707 -0.037075 0.0080392 0.20755 -0.024665 -0.055079 -0.060755 -0.0020887 0.2062 0.10792 -0.10762 -0.066184 -0.16885 -0.14415 -0.078679 0.022143 0.053224 -0.076545 0.20956 -0.10595
-0.024233 -0.073933 0.032679 -0.00087474 0.063471 0.12952 0.16086 -0.010723 0.12736 0.040621 -0.050606 -0.17033 -0.056005 0.059392 -0.036148 -0.0016046 0.062106 -0.32373 -0.038301 0.017625 -0.1087 -0.00042456 -0.14356 0.15151 0.031544
0.19564 -0.08929 -0.091788 0.0056106 -0.06404 -0.093531 -0.10715 0.0081802 0.33459 0.0053421 -0.16335 -0.076107 0.12747 -0.091376 -0.0079442 -0.11128 0.074777 0.19122 0.074716 0.18677 -0.10361 -0.19446 0.11658 0.054902 -0.18418
0.18468 0.020738 0.034143 -0.033774 0.053591 0.20099 -0.011938 -0.043571 0.23108 -0.26806 -0.058789 0.028856 -0.03717 -0.10062 -0.022489 0.020947 0.11416 0.11674 -0.2771 0.00088428 -0.043684 0.11308 -0.043687 -0.056296 -0.18937
-0.15496 -0.040141 -0.068207 0.1082 -0.037026 0.31257 -0.047102 0.013537 0.42412 -0.3333 -0.39815 0.28217 -0.0091488 -0.22396 0.058987 -0.19723 -0.16477 0.28789 -0.30285 -0.32928 -0.2947 -0.1116 -0.30068 0.082464 -0.1532
-0.06978 -0.076873 0.0018904 -0.0034651 0.061839 0.17809 0.1071 0.012977 -0.011227 0.067789 -0.24204 0.19424 -0.14072 0.24239 0.025268 -0.14008 -0.065848 -0.08625 -0.23229 -0.11302 0.03305 0.062622 -0.16499 0.29943 -0.11387
0.13217 -0.045445 0.068924 -0.0081575 0.024762 0.34311 0.069257 0.0061453 0.13099 0.090505 -0.31506 0.26263 -0.011213 0.14054 0.024598 -0.14851 -0.00081154 0.00012141 -0.46555 -0.3513 0.33697 0.06873 -0.40883 0.26255 -0.23185
-0.063793 0.22015 -0.023528 -0.016583 -0.030662 0.37143 0.12422 0.0082234 0.14541 -0.184 -0.11241 0.21014 -0.059998 0.054501 -0.022119 0.058831 0.13844 0.29241 -0.18673 -0.27984 -0.0083323 -0.23963 -0.13674 0.058189 0.16435
0.11443 -0.024526 0.079048 0.088601 0.02521 0.07009 -0.10467 -0.044977 0.25242 0.099119 -0.13884 0.27023 -0.1259 -0.084322 0.079108 -0.20792 -0.10525 0.04682 -0.13432 0.069383 -0.16523 -0.20654 -0.041202 0.25259 0.15517
-0.18761 -0.13726 -0.16414 -0.043189 0.0032569 0.15819 0.044094 -0.034472 0.26949 -0.10273 -0.16498 0.42648 -0.095367 -0.02152 0.081977 -0.20279 0.043817 0.32901 -0.1265 -0.052128 -0.34455 -0.06317 -0.094496 -0.062142 0.066958
-0.056772 0.0021739 0.020829 0.10414 -0.0090956 0.043818 -0.058608 -0.011008 0.13711 0.024019 -0.080397 0.3177 -0.2628 0.042894 0.043798 0.035623 -0.10541 0.14214 -0.16882 -0.02647 0.55574 -0.096185 0.039601 0.20529 -0.099627
0.047155 -0.37682 -0.041303 -0.052512 0.0078978 0.44132 -0.032983 0.04122 -0.06685 0.030422 -0.3479 0.099783 0.24461 0.087076 0.034417 -0.11462 -0.076344 0.13145 -0.44847 -0.19485 0.82795 -0.11699 -0.044352 0.21537 -0.16744
0.059957 -0.24185 0.013762 0.13928 -0.010667 0.21961 -0.018948 0.09134 0.19845 0.072179 -0.088332 0.39889 -0.029389 0.098724 -0.044055 -0.22066 0.025852 0.24782 0.11442 -0.1864 0.2816 -0.019793 -0.23442 0.29844 -0.16694
-0.064924 -0.088292 -0.04493 0.07348 0.051699 0.16413 -0.0046331 0.035952 0.43101 -0.17363 -0.19355 0.40424 -0.070196 0.08809 0.018674 -0.22283 0.27575 -0.2684 0.92422 -0.2224 -0.53357 0.20284 -0.073195 0.30256 -0.093316
0.029172 0.068809 0.10403 0.082205 0.036136 0.039676 -0.046754 0.016759 0.31211 -0.1562 -0.09529 0.078192 -0.1525 -0.036597 0.10202 -0.062255 0.060571 0.082735 1.0563 0.016249 -0.13906 0.023792 0.065808 0.1933 0.10789
