0.060798 -0.43969 0.20001 0.41429 0.10298 -0.36401
0.14729 -0.054994 -0.011333 0.31017 -0.085719 -0.34479
0.054393 0.39808 0.30601 -0.90019 0.11308 -0.015771
0.048145 -0.13869 -0.39262 1.1404 -0.2873 -0.04049
0.19935 0.52883 -0.35334 0.82516 0.32337 0.021644
0.091692 0.29772 0.40775 -0.54751 0.51235 -0.013683
-0.087524 0.10921 -0.22602 0.41767 0.99062 -0.16112
0.11568 -0.25809 -0.21972 0.58929 1.0949 0.017804
-0.019053 -0.06259 -0.22743 -0.92683 -0.19008 0.050301
0.1188 -0.14124 -0.18852 0.48591 0.19276 0.12085
0.15584 -0.0033352 0.78019 -0.13439 -0.039855 0.037201
-0.01853 0.13464 0.20321 -0.4067 0.49807 0.00059846
-0.047731 0.74385 0.045564 -0.16549 0.2187 -0.26122
-0.13906 0.079466 0.049697 -0.29157 -0.99259 0.022219
-0.055106 -0.066916 -0.13804 0.24838 0.88712 7.8232e-05
0.0097636 0.19105 0.39364 0.66026 -0.091829 -0.1586
-0.15219 -0.0035472 0.24925 0.69295 -0.52186 0.1618
0.10727 0.026972 -0.50785 0.18615 -0.71286 -0.13715
-0.063935 0.17915 0.10032 -0.50963 0.37476 -0.0020132
-0.030888 0.016059 1.1077 0.035542 0.27417 0.044662
-0.050322 -0.038337 -0.053964 -0.51182 -0.392 -0.03283
-0.036216 -0.77954 -0.42344 0.28446 -0.30058 -0.084219
0.05088 0.25089 1.1793 -0.069177 0.037971 -0.040494
-0.05469 0.11784 0.27729 -0.42883 -0.56669 -0.03839
-0.036041 -0.6461 0.25688 0.17984 -0.18098 0.27164
