-0.0036393 0.0058952 -0.067022 -0.057635 0.079391 -0.053674 0.00045097 -0.090634 -0.035983 -0.15124 -0.022365 0.089874 0.11515 0.069359 -0.10686 -0.10205 0.17235 0.0080446 0.096146 0.0034184 -0.08519 -0.02102 0.010968 0.00221 0.092797 -0.062082 -0.094296 -0.059487 -0.074576 0.12186
-0.054952 0.12342 0.040866 0.031012 0.31164 -0.013611 -0.037137 -0.05269 -0.13681 -0.096326 -0.055468 -0.083227 0.02213 -0.059566 -0.07149 -0.37713 0.12863 0.15798 0.25095 -0.13778 0.10943 0.18861 0.05342 0.077166 0.049158 0.02666 -0.30568 -0.07022 0.0069335 -0.12487
-0.13106 0.19043 -0.014726 -0.22652 0.21691 -0.0031797 0.11042 -0.073799 0.057884 -0.22067 0.15685 0.087508 -0.088004 -0.038307 0.18256 -0.00034733 -0.0024431 0.0007796 0.15928 0.22058 0.0092875 -0.054213 0.22595 0.029027 0.054696 0.077344 -0.14411 0.1087 -0.32233 0.093724
-0.061995 0.11108 -0.047515 -0.036421 -0.0057067 0.037012 0.027174 -0.0089811 -0.11485 0.01293 0.03454 -0.031393 0.017888 -0.058897 0.028735 -0.019839 0.092247 0.30212 0.078682 0.19259 0.060631 0.15076 0.18629 0.15819 -0.078929 0.042336 -0.15277 0.17343 -0.1086 0.14098
-0.064308 0.084344 0.10488 0.086577 0.10663 0.14957 -0.055507 -0.023386 0.078149 0.099901 0.017509 0.01482 0.093821 0.017526 -0.092192 -0.24606 -0.17616 0.17802 0.11253 -0.044206 0.031035 0.076553 -0.063252 0.074935 -0.075454 -0.0090246 0.096293 -0.1285 0.0010466 -0.10203
0.05244 -0.0068336 0.044278 0.053435 0.14722 -0.075038 -0.078282 -0.11468 -0.09781 -0.1852 -0.10366 -0.13358 0.16313 0.029539 0.033682 -0.15226 0.054881 0.25395 0.23779 -0.044954 0.059459 -0.042578 0.047831 -0.13014 -0.094313 -0.18335 -0.16015 -0.068408 -0.1359 0.17897
0.21172 0.10539 -0.026431 0.1591 0.053992 -0.005553 -0.10524 -0.0026298 0.10701 -0.035448 -0.23187 0.13431 -0.13645 -0.081434 -0.14947 0.0389 -0.096028 0.29217 0.19783 -0.11238 -0.0076016 0.2029 0.069657 0.043392 -0.14655 -0.011249 -0.17052 0.21121 -0.068876 0.092603
-0.099306 0.098581 0.072966 0.1002 0.0013257 -0.076711 0.073507 0.046119 0.073839 -0.047618 -0.053159 -0.067859 -0.068796 0.057511 -0.15233 0.11085 -0.11892 0.11584 0.22597 0.080388 -0.12062 -0.15622 0.26305 -0.22832 -0.012734 0.026252 -0.0042048 -0.051657 -0.12156 -0.020841
0.061642 0.055086 0.055781 -0.11905 -0.10542 0.068619 0.059431 -0.0080302 0.0038945 -0.089364 0.16454 -0.021363 0.037733 -0.0024353 0.056278 -0.036615 -0.045687 0.057217 0.076179 0.16194 0.092707 0.0023214 0.047869 0.32113 -0.070728 -0.076134 0.050389 -0.20219 0.015909 0.049675
0.01693 0.13864 0.066323 0.13713 -0.22168 -0.0049428 0.021292 0.048973 0.041968 0.12967 -0.018138 0.023045 0.084466 0.040592 -0.1854 -0.030908 0.18906 0.19308 0.11411 0.021193 -0.050858 0.00689 0.012332 0.085265 0.1621 -0.12266 0.0794 0.017502 0.0015157 -0.017477
-0.011334 0.17327 -0.013212 0.033107 0.024283 -0.1227 -0.072469 -0.025621 -0.043204 0.091451 -0.051545 0.12161 0.033623 0.25144 -0.032686 -0.047817 0.17 0.09566 0.048043 -0.032048 -0.059751 0.023577 0.16744 0.063782 -0.11069 0.0074931 -0.074171 -0.10949 0.015384 0.0089998
0.048067 0.14552 -0.20427 0.23106 -0.11451 -0.015609 0.20828 -0.00080403 -0.046369 0.12781 0.0063841 0.13147 -0.031204 -0.055535 0.14484 0.057247 0.054346 0.18091 0.18145 -0.088499 -0.12946 -0.0052132 0.068115 -0.077282 -0.019945 0.18869 0.048025 -0.22109 -0.023528 -0.011003
0.026186 -0.12622 0.028335 0.068549 -0.079362 -0.10229 -0.0064923 -0.043799 -0.0086713 0.038693 0.099142 -0.10761 0.3697 -0.021194 -0.092946 -0.14666 0.21036 -0.077225 0.19591 -0.13944 -0.0098119 -0.08533 0.15898 0.077426 0.086464 -0.039038 0.040669 -0.0034329 -0.114 -0.049439
-0.012043 0.048584 0.10606 0.14125 -0.18149 0.048701 0.098235 -0.15671 -0.062352 0.057053 -0.046452 -0.26801 -0.16947 -0.08328 0.23209 -0.11896 0.075772 0.22839 0.03965 -0.12996 0.21748 0.17773 -0.045593 0.22257 -0.01733 0.21759 -0.0054056 0.033268 -0.022957 -0.061086
-0.15292 0.030693 -0.061959 0.075676 -0.28556 -0.058164 0.01285 0.0095679 -0.040872 0.045653 -0.21582 0.044513 0.17835 0.050277 0.12963 0.13467 -0.052624 0.13591 0.02511 0.069073 0.036119 0.048713 0.013566 -0.010806 0.092766 0.034208 -0.0025145 -0.1218 -0.18506 -0.092695
-0.10106 0.13174 -0.079149 0.0095525 -0.021605 -0.069805 -0.10352 -0.05365 0.087731 -0.15076 -0.043094 0.016833 -0.011205 0.0031806 -0.14678 -0.0016012 0.020103 0.20726 0.052197 0.0076953 -0.091551 -0.13951 -0.19052 0.0022047 0.24365 -0.023906 0.15238 -0.1897 -0.083908 -0.083213
0.12304 -0.03219 -0.013552 0.075255 0.011423 -0.13894 -0.039908 -0.022754 0.0089939 0.070411 0.12435 -0.14414 -0.11827 0.1415 0.10062 -0.09041 0.0069279 -0.16445 0.10786 -0.019996 -0.035979 -0.088366 -0.040689 0.064308 0.051965 -0.027921 -0.026916 -0.22508 0.019261 -0.03295
0.065414 -0.0088591 0.049351 0.063717 0.06483 -0.10544 -0.11697 -0.18493 -0.22564 -0.17027 0.15131 -0.092729 -0.037913 0.14769 -0.15457 -0.075802 0.0039452 -0.10318 0.22245 -0.092561 -0.012705 0.13537 -0.2805 0.12349 0.23901 -0.032448 -0.031092 0.1207 -0.17762 -0.099801
0.032901 0.017776 0.030882 0.14101 0.043132 0.22235 -0.12041 -0.11593 -0.10074 0.006727 0.1285 0.12951 0.11134 0.059079 -0.10809 0.0054858 0.15407 -0.054022 -0.019842 0.0358 0.050986 -0.090863 -0.22341 -0.19001 0.46955 0.0093705 -0.1284 0.056 -0.037113 -0.015065
0.11199 0.19606 -0.049356 0.057112 -0.052409 0.23503 -0.038825 -0.13706 -0.31098 -0.0054889 0.067985 -0.0072816 0.093265 -0.014489 0.18995 0.0058066 0.037773 0.061428 -0.022219 0.067952 -0.12281 0.13143 -0.079759 -0.2081 0.030473 -0.13151 -0.092473 0.078966 0.169 0.071817
0.029656 0.11035 0.14271 -0.12269 0.059503 -0.18576 0.15908 0.043708 -0.11868 -0.056656 0.034036 0.048452 -0.18925 0.17657 0.10706 0.037248 -0.15305 -0.06929 0.16442 -0.097568 0.041746 -0.195 0.059939 0.10776 -0.080349 -0.080448 0.12223 -0.12058 0.092772 -0.010879
-0.0056675 0.044564 -0.13902 0.04706 -0.036881 -0.24525 0.091848 -0.11138 0.015274 -0.15433 -0.089853 -0.061653 0.086878 0.079017 0.20891 -0.12771 0.21107 -0.11417 -0.073047 -0.014107 0.30118 0.14895 0.033745 0.016775 -0.16743 -0.13136 -0.025884 0.060243 -0.014091 0.026946
-0.04284 0.00086965 -0.14279 -0.020737 0.027374 0.28163 0.035433 -0.0058873 0.0046247 0.050468 0.083381 0.082914 0.047798 0.14112 0.13729 0.042016 0.078895 -0.15093 0.0036788 0.081322 -0.026349 -0.086733 0.035087 0.27217 0.099926 -0.026281 -0.15584 -0.12285 -0.041918 -0.013064
-0.069033 0.11655 0.23823 0.11651 -0.0060125 0.1468 -0.026722 0.1285 0.030057 -0.24158 -0.058846 0.11089 0.10974 -0.0399 0.041264 0.058942 0.17531 0.1755 -0.09989 0.2061 0.003082 -0.057809 -0.19275 0.047779 -0.050413 -0.01377 0.020602 -0.11374 -0.12726 0.029045
-0.019792 -0.061382 0.027692 -0.054529 -0.11538 -0.27906 0.14205 -0.013796 0.017026 0.081395 0.059339 -0.14086 0.17165 0.24653 0.16007 0.096426 0.060801 -0.11857 0.12482 -0.063419 -0.019721 -0.0031713 0.22989 0.026209 -0.045107 0.040955 0.076424 -0.041896 -0.027742 -0.080959
-0.16297 0.016578 0.096529 0.09006 -0.10114 -0.31116 0.15386 -0.20949 0.08643 -0.22477 -0.12206 -0.0087472 -0.23861 0.060005 -0.16514 0.13552 0.046499 0.16812 -0.12499 0.19816 -0.071182 0.034774 0.10581 0.085211 0.12143 -0.032202 0.048776 -0.019727 -0.010373 -0.0014834
-0.042219 0.21773 -0.09379 0.18186 0.14291 0.019765 0.066927 0.020724 -0.006479 -0.074086 0.0039628 0.042864 0.13569 -0.22225 0.071012 -0.021764 0.20059 -0.088504 -0.15535 0.15721 0.087235 -0.027045 -0.066865 0.23245 -0.017712 -0.045883 -0.01909 -0.11075 -0.061 0.094794
0.12065 0.15589 -0.026935 -0.099632 -0.1386 0.047522 0.050841 -0.034674 0.0075122 -0.064873 0.14487 0.064598 -0.066396 -0.013119 -0.02249 0.2119 -0.13721 0.035289 0.059884 0.20625 0.060167 -0.095191 -0.11679 0.09119 -0.060263 -0.21536 0.05872 0.042339 -0.048922 0.018905
-0.034287 -0.12576 0.16748 0.10012 -0.14728 -0.21294 0.17972 0.051962 -0.094358 -0.070713 -0.0063453 0.050884 -0.071067 0.3119 0.0076526 0.061081 -0.054172 -0.13583 0.073883 -0.15571 -0.012473 -0.27917 0.25615 0.078214 0.11013 0.13619 0.19585 -0.010813 -0.090093 -0.0014229
0.0029933 0.13633 -0.012435 0.073109 -0.10176 -0.21797 0.26676 -0.15642 -0.066215 0.091673 0.057812 0.10876 -0.083855 -0.03221 0.11213 -0.042343 0.067289 -0.06307 0.10781 -0.1062 0.0662 0.20667 0.0011533 -0.060694 0.10751 -0.20726 0.027474 -0.0057709 0.038945 0.010099
0.012402 0.12799 -0.060353 0.017618 -0.1144 0.00054611 0.15341 -0.20602 0.16394 -0.15904 0.011279 0.071247 0.027295 -0.062153 0.17357 0.1077 -0.13862 0.080279 -0.060317 0.2045 -0.010967 -0.19685 0.12606 -0.029379 -0.091329 0.21023 0.032381 0.1637 0.079217 0.014793
0.20188 0.10502 -0.0017394 -0.064046 0.096362 0.13481 0.10512 -0.1042 0.19301 0.054831 -0.026822 0.088086 -0.029994 0.16493 -0.043987 0.15353 0.059428 0.26391 -0.059193 0.24781 -0.025542 -0.037346 0.054983 0.027051 0.15968 -0.085358 0.10767 -0.15886 -0.20918 -0.032313
-0.11405 -0.22965 -0.22741 -0.18082 -0.046257 -0.19057 0.15503 -0.19007 -0.043568 -0.12644 0.033872 -0.05287 0.042747 -0.2647 -0.099742 -0.094069 0.079708 -0.23232 -0.041056 -0.054518 0.064425 0.0085693 -0.067201 0.18935 0.038508 -0.12257 -0.074008 0.047448 0.0017728 -0.10071
-0.13595 -0.19488 0.086441 0.042358 0.023775 0.066896 -0.18861 -0.18614 -0.16635 -0.16807 -0.045578 -0.043082 -0.075401 -0.063932 -0.020796 -0.31081 0.0077435 0.075147 0.080459 -0.010314 -0.15775 -0.051406 -0.21049 -0.11618 0.20654 0.045532 -0.089143 0.0049689 0.036487 -0.012825
0.058086 -0.011415 -0.060274 0.026424 -0.083287 0.36865 -0.24697 -0.164 -0.20219 -0.060187 0.071877 -0.11122 0.17161 -0.054486 0.066327 -0.27614 -0.0055386 -0.057452 0.0034407 -0.1159 0.16454 -0.088248 -0.10652 0.045665 0.29307 0.12925 0.020965 -0.08616 -0.16447 -0.079099
0.067472 -0.097029 -0.1152 -0.12434 0.10237 0.045124 -0.23082 0.12984 -0.29951 -0.045076 -0.046921 0.29676 0.022079 -0.11345 -0.013918 -0.042184 -0.076835 -0.11531 0.030224 0.065006 0.079334 -0.13379 0.042564 0.012216 0.17471 0.099291 -0.1416 -0.11261 -0.02158 -0.12522
-0.062094 -0.11161 -0.05644 -0.091482 0.1584 -0.24344 0.19321 -0.11719 -0.13216 -0.15193 -0.06899 -0.17492 -0.1087 -0.077692 -0.0098892 -0.15453 -0.02741 -0.086153 -0.14402 -0.014071 -0.0096136 -0.12611 0.12795 -0.054438 0.033462 0.04653 -0.0067144 -0.1934 -0.076013 0.08979
-0.096593 -0.047145 -0.037972 0.050363 0.06225 0.12232 0.26499 -0.13894 0.045169 -0.028045 -0.029093 0.08409 0.02645 -0.0038851 0.076386 -0.11121 0.083558 -0.19507 0.079341 -0.15769 -0.065566 -0.05466 -0.13936 -0.049517 0.0086978 -0.014754 -3.6942e-05 -0.12512 -0.024386 0.044613
-0.026826 0.00059439 -0.079125 -0.052005 0.18762 0.055471 0.0026296 -0.060073 -0.15987 0.095043 0.11665 0.029632 -0.0051864 -0.096464 -0.065276 -0.014617 0.066084 -0.073687 0.21356 -0.23183 0.04147 0.037445 -0.025827 0.014476 0.18008 -0.07034 -0.038794 -0.2164 0.12175 -0.11689
-0.085732 -0.0074799 -0.21591 0.10247 0.085072 0.11241 0.021954 -0.10233 -0.14454 0.10801 0.064638 0.12621 0.11338 -0.042753 0.092537 -0.104 -0.079832 0.0051677 0.1858 0.080153 0.22204 -0.09201 -0.13924 0.036666 0.24255 -0.011484 -0.13336 -0.042055 0.074391 -0.13604
0.045673 -0.10866 -0.087017 0.053696 -0.012517 -0.020803 0.097182 0.063016 0.060013 -0.30826 0.1013 -0.11891 -0.063769 -0.095435 0.081247 0.13529 0.069392 0.026562 0.085558 0.09344 0.063144 -0.0049347 -0.062304 0.16282 0.082772 -0.0056953 0.063053 0.022519 0.18602 -0.088948
0.01439 0.051047 -0.016531 -0.11553 0.016176 -0.19902 0.071853 0.016128 0.11017 -0.044463 0.23058 -0.062655 0.099323 -0.18575 -0.0098485 0.070827 -0.013152 0.095304 0.11975 0.096941 -0.081676 0.01353 0.072826 -0.032141 -0.004989 -0.01234 0.072854 0.023857 0.066464 -0.041762
-0.3408 0.18857 -0.10606 0.082504 -0.018737 0.16134 0.00436 0.028686 0.076009 0.042808 -0.023799 0.12485 0.057669 0.10324 0.18605 0.084191 -0.09628 0.06208 0.064404 -0.088788 0.20266 -0.0022029 -0.015966 -0.077306 0.06131 0.067677 -0.15162 -0.076423 -0.047422 -0.14493
0.0018429 0.026766 -0.07679 0.08027 -0.010572 0.22435 -0.039463 0.086364 -0.071495 0.13391 -0.03518 0.33077 0.18436 -0.17024 -0.16665 0.17312 -0.10024 0.18792 0.043707 0.046972 -0.046313 0.012779 -0.10148 0.070304 0.058238 -0.066795 0.019011 -0.030794 0.17756 -0.027025
-0.10828 0.0445 -0.036908 -0.148 0.19677 -0.076998 0.23224 -0.17944 -0.057863 -0.010191 0.098425 0.018915 -0.0027139 -0.072407 0.14247 0.052765 -0.074997 -0.089045 0.027018 0.047928 -0.0531 -0.01988 -0.16082 0.061893 0.2143 0.10059 -0.08475 -0.048783 -0.072842 -0.11827
-0.082886 0.17539 0.0052061 0.014422 -0.14512 0.085761 0.18278 0.10582 -0.12343 -0.07145 -0.002796 0.11676 0.14152 0.17694 0.0067912 -0.048175 0.080421 0.015743 -0.045741 0.096915 0.033327 -0.077484 0.10264 0.022926 -0.023595 0.0046165 -0.0035897 0.090844 -0.085476 0.077087
0.011626 0.1483 -0.004671 0.1323 -0.10062 -0.064544 -0.081065 -0.074466 -0.27533 -0.036659 0.083204 -0.011768 -0.01543 -0.26928 -0.1152 0.17257 -0.1201 0.053678 -0.09959 0.060571 0.022116 -0.083582 -0.035974 -0.0098127 0.24953 -0.14619 -0.077004 -0.022955 -0.10214 -0.091658
-0.076477 0.076231 -0.071916 0.10639 0.024157 -0.054068 0.096635 0.011648 -0.12223 0.088352 0.094855 0.04568 0.095679 -0.020202 0.037456 0.10633 -0.077384 -0.095448 -0.042239 0.079562 0.0054978 0.15814 -0.03859 0.24089 0.21699 0.043363 -0.056536 -0.030728 0.17424 -0.10464
-0.14134 -0.089102 -0.12855 -0.029081 -0.033013 -0.12487 0.020533 -0.15835 0.11446 -0.21376 0.084842 -0.071913 -0.11817 0.11075 -0.10741 -0.19575 0.013145 -0.093938 -0.15083 0.029572 -0.016421 0.072031 -0.074306 0.035785 0.089373 0.097129 -0.11918 -0.0037139 -0.034576 -0.025078
-0.014933 -0.093255 -0.12601 0.012186 0.14765 -0.17624 0.096858 0.053004 -0.32465 -0.19138 -0.013905 -0.10723 -0.0431 0.087025 0.2508 -0.24759 -0.19827 0.10855 0.13466 -0.17045 -0.095665 -0.1354 -0.14146 0.0083126 0.057059 -0.12933 -0.31811 0.015983 -0.072198 -0.033897
-0.077176 -0.088823 0.032719 -0.17563 -0.11672 0.073026 -0.081549 -0.058711 -0.10362 -0.14217 0.20943 -0.1259 0.0079622 -0.044883 0.070041 -0.20862 -0.039898 0.068011 -0.0097143 -0.061637 0.070733 0.0045471 -0.10457 -0.037528 0.1891 -0.014623 -0.062356 -0.3637 0.10588 0.04168
-0.054418 -0.017876 -0.063028 -0.14165 -0.077102 0.054116 0.046946 0.11686 -0.1356 -0.037813 0.0089732 0.023244 0.065385 -0.1433 -0.17655 -0.13265 0.22876 -0.063893 -0.060569 -0.11857 0.049824 0.21514 -0.068513 0.018015 0.18157 0.089187 -0.10815 -0.20568 -0.17287 -0.10734
-0.17177 -0.019876 0.052854 -0.043719 -0.060716 -0.057692 -0.025638 -0.080215 0.19108 -0.13171 -0.15591 0.054767 -0.078963 -0.1196 -0.066748 0.19073 0.047716 -0.094629 0.021835 0.15238 -0.0084391 0.087305 -0.25773 0.0088318 -0.034109 -0.064655 -0.16505 -0.017078 0.03655 -0.016315
0.086485 -0.10275 0.04545 -0.097697 0.056957 -0.12739 0.064259 0.0063327 0.012015 -0.04207 -0.056103 0.29304 -0.040226 -0.037202 0.019695 -6.2178e-05 0.084962 -0.16232 0.0058994 0.017369 0.11596 0.022032 0.081075 0.091143 0.0042443 0.0040739 -0.031698 0.082133 -0.035918 0.033298
-0.030583 -0.11113 0.085111 -0.070545 -0.005229 0.0242 0.10669 -0.063097 -0.10684 -0.0080161 0.089804 0.081054 -0.11315 -0.10719 -0.037375 -0.02895 0.17203 0.070181 0.086669 0.035682 0.27085 -0.015428 0.072315 -0.093935 -0.0053897 -0.075024 -0.073343 -0.088017 -0.09952 0.066274
0.00010618 0.22313 0.044162 0.0042249 -0.1598 0.11364 0.040266 0.088842 0.068308 0.012198 0.16096 0.097248 0.27408 -0.22075 0.06456 -0.042259 -0.26754 -0.08312 0.068301 0.099745 0.0067462 -0.090558 -0.094879 -0.061987 0.070517 -0.1295 -0.028682 0.0082004 -0.11306 -0.084761
-0.12433 -0.12795 -0.040142 0.013051 -0.080268 0.10078 0.12828 -0.00365 0.016581 0.012106 -0.030525 -0.027653 -0.070828 0.075682 -0.17573 0.042676 -0.083435 -0.13009 -0.19083 0.074397 -0.079328 -0.099902 -0.12686 0.051526 0.025952 -0.020358 0.18272 -0.1585 -0.019021 -0.22422
-0.020441 -0.14471 -0.0035145 -0.10029 -0.04152 0.071579 0.16033 0.04227 -0.089764 -0.065257 0.18623 0.18223 -0.014064 0.04434 0.1278 -0.14479 -0.17214 0.038512 -0.075197 0.093476 0.083289 -0.095581 0.044017 0.16187 -0.092985 -0.17789 0.0027512 -0.23325 0.071953 0.0025221
0.11793 0.050193 0.017319 -0.079264 -0.049204 0.11695 -0.0023897 -0.016151 0.032124 -0.048978 0.028903 0.16901 -0.16659 -0.046755 -0.13573 0.15469 0.19584 0.011595 -0.043638 0.018783 0.17996 -0.18534 -0.0026135 -0.014644 -0.029412 -0.059949 -0.055092 -0.0045096 -0.064787 -0.019851
-0.019666 0.058666 -0.026208 0.10801 0.041177 0.40325 0.0072857 0.096969 0.035518 0.18802 -0.028779 0.061407 -0.10179 -0.14179 -0.088175 -0.036833 -0.047531 -0.14577 0.066256 0.057906 0.17837 -0.13217 0.019257 -0.29727 0.18122 -0.011718 -0.015511 0.070753 -0.11587 -0.23823
0.10854 -0.12629 -0.10634 0.051357 -0.05101 0.30709 0.036289 0.15807 -0.17271 0.087922 0.11737 0.14214 0.0096953 0.12346 -0.062269 0.13521 0.027484 -0.13838 -0.073924 0.01771 0.084315 -0.28312 -0.034496 0.1611 -0.15642 -0.014867 0.0067979 -0.083528 0.082385 -0.13182
0.047076 0.029204 -0.059611 -0.044656 0.047256 -0.089675 -0.099983 0.11483 0.038736 0.12708 -0.013583 0.20547 -0.077983 -0.1134 0.27834 0.11246 0.0036784 -0.055785 -0.014588 0.035596 0.028225 -0.20148 -0.14876 0.088215 0.025558 0.037693 0.031747 -0.032015 -0.015117 0.090065
0.0057941 0.077207 0.16923 -0.10728 -0.1109 0.14876 0.060134 -0.099813 -0.18199 -0.024259 -0.092028 0.013838 0.037656 -0.098413 -0.033954 -0.085122 -0.032558 -0.21231 0.06022 -0.072666 -0.16073 -0.14334 0.011602 -0.12876 -0.026973 -0.072117 0.02825 -0.059899 0.12864 0.013064
-0.015494 -0.10246 -0.050301 0.028188 0.0038056 0.084838 -0.020219 -0.14893 0.096976 0.19027 -0.26366 -0.02849 0.11427 0.02551 0.1435 -0.0053699 0.012699 -0.26038 0.11711 0.045681 0.21285 -0.31741 0.074356 -0.14739 0.23426 0.13518 0.014422 0.021923 0.033126 -0.35093
-0.042798 0.037839 -0.13195 -0.08011 -0.078408 -0.0053839 -0.11277 0.019929 -0.036374 0.078873 0.083852 0.20687 -0.031078 -0.023058 -0.093622 0.095265 0.11545 -0.032002 -0.25362 -0.025906 0.066774 0.04064 -0.1775 -0.080263 -0.12273 0.032834 -0.2291 -0.0027888 0.021536 0.077855
0.086878 -0.22066 0.0017059 -0.15944 -0.14937 -0.23784 -0.03872 0.03337 -0.0071892 -0.0064742 0.060087 0.032104 0.12191 0.032452 0.001187 0.085622 0.0066961 -0.022929 -0.25979 0.052665 0.0066724 0.087659 -0.14573 0.042408 0.090694 0.16599 0.058029 -0.13044 -0.015988 -0.088797
0.041754 0.080703 -0.043231 -0.073739 0.041477 -0.11494 0.027901 -0.067281 0.035094 -0.02712 -0.088564 0.0082178 0.12103 0.22467 0.16249 0.026017 0.0051563 -0.14704 -0.096498 -0.13201 0.021963 -0.037959 -0.33998 -0.038272 0.097684 -0.21633 -0.0094884 0.26289 -0.041993 -0.21596
-0.15229 0.09442 0.15444 -0.03687 -0.012775 -0.071526 -0.21727 -0.048221 0.011955 -0.013948 -0.097508 -0.090425 0.18234 0.056371 -0.050297 0.086852 -0.11635 -0.19498 -0.038786 0.1158 0.11572 0.037596 -0.038193 -0.0057319 0.14136 -0.091718 0.10938 -0.038104 -0.02999 -0.091344
0.12316 -0.03865 0.047511 0.0029166 -0.047704 -0.0021708 0.13743 -0.03938 -0.065101 -0.051144 -0.20386 0.067465 0.068662 0.045545 0.092762 0.097797 0.11414 -0.065255 -0.18625 0.047225 0.040642 -0.095575 0.029112 0.1031 0.1053 0.020531 0.0050622 -0.072163 -0.18756 -0.01783
-0.0097294 -0.14996 0.041096 -0.092166 -0.053739 0.062238 0.061841 0.13772 -0.043024 -0.073348 -0.073112 -0.19585 0.01246 -0.04291 0.0954 0.069903 0.29287 -0.32647 -0.3504 -0.070383 0.070572 -0.34712 -0.10408 -0.1441 -0.00032239 -0.10327 -0.041442 -0.11517 -0.067752 -0.038873
0.057317 0.067554 -0.072365 -0.055308 0.11084 0.10101 -0.022539 0.074192 -0.031629 0.11888 -0.045363 -0.073091 0.2068 -0.1351 0.063523 0.028631 -0.047461 -0.080551 0.0088476 -0.24769 0.13106 -0.00023163 -0.1436 0.028605 -0.021466 0.081398 0.016506 0.062562 -0.2445 0.024069
0.031949 0.17474 0.087774 -0.064929 -0.12977 0.035961 0.13637 0.066645 0.032695 -0.12316 0.11184 0.0046103 0.078884 -0.16463 -0.083363 -0.037281 0.082442 -0.10804 -0.069985 0.093145 -0.085302 0.25667 0.059352 0.28855 -0.054589 -0.2505 -0.18053 -0.030754 0.034193 -0.027991
0.11124 -0.19129 -0.088189 0.014263 0.034155 0.16432 -0.098955 0.12643 -0.057751 -0.088237 0.0058044 -0.065539 -0.0028575 0.18337 -0.021692 -0.05158 0.23978 -0.14235 -0.22733 -0.1116 -0.015207 0.050534 -0.041331 0.14586 0.097532 -0.078284 0.093242 -0.013823 -0.055832 0.078098
-0.10958 -0.031425 0.11775 -0.044683 -0.1933 0.099069 0.089023 0.068558 -0.068669 -0.021789 0.22516 -0.25247 -0.035564 -0.024964 0.077604 -0.062582 0.16758 -0.20374 -0.054713 0.041172 0.02832 0.019914 -0.13667 -0.012641 -0.052677 0.11294 0.20173 0.15095 -0.32998 0.12951
-0.035623 0.043801 -0.22859 -0.078118 -0.13614 -0.06407 0.074541 0.040048 -0.043757 -0.052644 -0.050284 0.067773 -0.015227 -0.069504 -0.027308 -0.12078 0.072099 -0.16193 0.07089 -0.054773 0.098195 -0.063449 0.10118 -0.013359 -0.069295 -0.11139 0.025681 -0.051381 -0.095585 -0.053577
-0.049609 0.11425 0.14003 0.087591 -0.016691 -0.16178 -0.071559 -0.11512 0.0025647 0.01525 -0.088924 -0.070209 -0.01879 0.0058252 -0.034847 -0.2599 0.17377 -0.15082 0.11994 -0.14911 -0.0046834 -0.052354 0.16473 0.2848 -0.097334 0.04328 0.084259 -0.11833 0.12182 0.094525
0.13125 -0.16443 -0.077787 0.035058 -0.25234 -0.019624 -0.024908 0.014478 -0.061355 0.017311 -0.0001503 0.042838 -0.074458 -0.044605 0.20224 0.36634 -0.17155 -0.16288 0.077309 0.06736 -0.11155 -0.17772 0.06508 0.048835 -0.05807 0.11935 0.12088 -0.075129 0.19563 0.055169
0.21573 -0.28536 -0.024626 -0.094762 -0.059298 0.03803 -0.0011481 0.086079 0.17848 0.016864 0.039342 -0.08207 0.0033008 0.15576 0.084686 -0.066377 0.0301 -0.22451 -0.26591 -0.11767 0.14789 -0.058558 0.027747 -0.13485 -0.046837 0.16705 0.14055 -0.1432 -0.037479 -0.11145
-0.052832 -0.148 -0.019144 0.13328 -0.19436 -0.093745 0.031658 0.029645 0.058806 0.085245 0.040791 -0.23869 0.0658 -0.042174 0.037031 -0.047962 0.19151 -0.14234 0.0050708 -0.17738 -0.049642 -0.034016 -0.09698 -0.0020855 -0.15161 -0.034709 0.16415 -0.18892 0.07684 0.011513
0.026388 0.061537 0.025763 -0.20437 -0.16642 0.00070184 0.0067286 0.086305 0.0068483 -0.034991 0.036558 0.088462 -0.0050312 -0.0046312 -0.090524 -0.12623 -0.072947 -0.25347 0.061535 -0.11646 -0.031642 -0.032009 -0.012726 -0.026425 -0.016988 0.22752 0.16219 0.062541 -0.021334 -0.12939
-0.16397 -0.094166 0.013286 -0.02425 0.062582 -0.080035 -0.16283 0.066579 0.16022 -0.057478 0.068996 0.016319 -0.090657 -0.16749 0.052174 0.028189 -0.1015 0.042466 -0.19201 0.073079 0.17896 -0.014362 0.15525 0.047676 -0.19515 -0.033546 -0.069105 0.085892 0.095076 0.020554
-0.033488 -0.27763 0.15287 0.052687 0.081582 -0.065547 -0.066933 -0.013303 0.14462 -0.17218 0.074047 -0.040089 -0.052102 0.12897 -0.17999 0.057876 -0.075034 0.018391 -0.25433 -0.012158 0.1392 0.17106 0.044485 -0.144 0.045022 0.15916 -0.025572 -0.0024729 -0.073251 -0.13095
-0.11506 -0.086686 -0.018233 0.058473 -0.14901 0.10477 -0.18693 0.12891 0.11593 0.39587 -0.022304 -0.14965 0.057156 0.13307 0.065465 0.10992 -0.084191 0.012506 0.03679 -0.17142 0.040676 -0.061595 -0.10032 -0.26761 0.29211 -0.17626 -0.038049 0.15179 0.00021104 0.020522
0.024362 0.071812 0.015366 -0.19162 -0.17793 0.11127 -0.21844 0.070687 0.096731 0.071442 -0.091895 -0.036109 0.082661 -0.11157 0.043823 0.10202 0.034315 -0.16537 -0.021471 -0.016621 0.030462 0.066153 0.053306 0.13291 0.067464 -0.11515 -0.14527 -0.19536 -0.052513 0.080755
0.17675 -0.23767 0.041256 0.21669 -0.0068696 -0.048554 0.050461 0.25157 -0.10236 -0.052384 0.05268 0.12321 0.085666 -0.088912 0.025581 -0.054937 -0.033438 0.14068 -0.12211 -0.02766 -0.11035 0.010546 -0.034794 0.086513 -0.28191 -0.14762 0.047295 -0.16652 0.066064 0.15712
-0.029963 -0.033679 0.01508 0.15305 -0.08972 -0.12492 -0.23111 0.058608 -0.08657 -0.096666 0.14571 0.035154 -0.071362 0.10173 0.14578 0.077365 0.038633 0.16137 0.075945 -0.077314 -0.034021 0.06744 -0.066358 -0.019496 -0.26866 -0.22092 0.071049 0.055227 0.0026888 0.13024
0.013362 0.23486 -0.041011 0.059122 0.057084 -0.076827 -0.25522 0.15565 0.0088771 0.15724 0.23916 -0.096981 -0.040471 0.1509 -0.082926 -0.027655 -0.040724 0.10966 -0.014145 -0.057482 0.021009 0.068345 -0.010081 -0.013217 -0.16301 0.055589 0.092305 0.16174 -0.055708 0.18076
0.075612 0.038881 0.047429 -0.090641 -0.069191 0.097029 -0.046691 0.046153 0.26455 0.15761 -0.00065323 0.038217 -0.11751 0.13638 0.17159 0.041183 0.068445 0.23725 -0.12273 0.16465 0.055489 0.067115 0.12471 0.13607 -0.13152 0.044103 -0.12243 -0.024654 -0.10657 0.013327
-0.11859 -0.0085634 -0.10145 0.073018 0.034981 -0.11755 -0.13663 0.069825 0.061692 -0.21914 -0.0905 -0.11154 -0.031543 0.11556 -0.0057702 0.068463 -0.04021 -0.049824 -0.079342 -0.0052238 0.071042 0.046976 -0.066198 -0.17363 -0.2255 0.048811 0.07805 -0.012366 -0.18584 0.032416
-0.18651 0.022554 -0.052296 0.23775 0.012692 -0.15097 -0.062703 -0.1319 -0.0037237 -0.31582 -0.12105 -0.11893 -0.096819 -0.11171 -0.05801 0.038144 0.042749 0.054812 -0.011219 -0.062209 0.032844 -0.049242 0.023131 -0.0039829 -0.041139 0.048752 -0.017384 0.085926 -0.0028882 -0.018015
-0.027786 0.22785 0.035383 0.15109 -0.045668 -0.21365 -0.018176 0.070808 -0.076327 -0.088278 -0.04298 -0.081022 -0.10941 0.063609 0.16112 0.019849 0.054581 -0.14127 -0.14206 0.079392 0.026629 0.070527 -0.038596 0.02086 -0.11703 -0.18795 0.061073 0.016064 0.099186 -0.025217
-0.10904 0.22705 -0.012924 -0.013104 -0.043366 0.010547 -0.079691 0.011895 0.14751 0.079096 -0.10406 -0.11457 0.080627 0.055632 -0.18607 0.045874 -0.1274 0.076153 0.076392 -0.018964 0.054815 -0.045605 0.077381 0.19765 -0.21657 0.12762 -0.06293 -0.07797 0.21356 0.024507
0.10948 -0.054998 0.053987 0.042581 0.025851 -0.10395 -0.1046 0.29822 0.056295 0.021621 0.0035948 0.20452 -0.19172 0.10243 -0.101 0.19442 0.089384 0.0053997 -0.13383 -0.14124 -0.08332 0.047659 -0.023983 -0.21361 -0.20931 -0.087236 0.17334 -0.078766 0.038286 -0.046446
0.12078 0.096811 -0.063574 0.17945 0.046022 -0.13228 0.028635 0.14299 0.024768 -0.051386 -0.10249 -0.05005 -0.020579 0.0028771 -0.00059443 0.2465 0.040064 -0.028551 -0.064785 0.074033 0.012413 -0.048412 -0.033215 -0.036761 -0.11816 0.045395 0.10185 0.019357 -0.091741 0.086565
-0.0904 0.016959 -0.097349 0.041104 -0.034369 -0.10345 0.20895 0.059625 -0.067536 -0.019343 0.072679 0.068324 0.070188 -0.12971 0.13241 0.020241 0.12866 0.0087092 -0.11084 0.063189 -0.063693 0.14678 0.04435 0.1111 -0.12817 0.058976 -0.07895 -0.076515 -0.010606 0.066314
0.10645 0.3497 -0.010095 0.007053 0.225 -0.031713 0.066646 -0.024153 -0.027302 0.13692 0.19983 -0.095696 0.0044989 0.20716 0.068292 -0.092958 0.11509 -0.11071 0.15125 -0.3838 0.05842 -0.30042 0.074761 0.26243 0.0075808 0.031974 0.26023 -0.15291 0.04091 0.010704
-0.16549 -0.047435 -0.033641 0.082051 0.051207 -0.15148 -0.27838 0.060208 0.03992 0.056455 0.16327 -0.011903 0.031268 0.14665 0.034953 0.14808 0.19323 0.11687 0.091087 -0.087208 0.015552 0.052074 -0.10477 -0.18148 0.14017 0.091087 0.2262 -0.0048035 -0.11819 -0.13565
0.00048056 -0.18006 -0.15815 0.030553 0.19961 -0.22176 -0.41829 -0.058247 0.10374 -0.0099709 0.043084 -0.11012 0.041173 0.27668 -0.055305 -0.030922 0.059767 -0.15917 0.02108 -0.19538 -0.17471 0.025886 0.049667 -0.25131 0.24528 0.016342 0.09614 0.024245 0.0095917 -0.17611
-0.027297 0.085233 -0.013329 -0.13635 0.065362 -0.076817 -0.37635 0.032835 0.088331 0.27438 0.052907 -0.11152 0.30918 0.26827 -0.32573 -0.055833 0.12063 0.14503 0.050155 -0.00069568 -0.079528 -0.04169 -0.020572 -0.20556 0.346 0.053529 -0.10526 0.030812 -0.063149 0.011652
-0.034867 0.06118 -0.012522 -0.10154 0.020414 0.22284 -0.19376 0.0093426 0.13454 0.11393 -0.010639 -0.027274 -0.054496 0.025103 -0.17496 0.037368 -0.053824 0.0096822 0.026612 0.012251 0.097562 -0.074949 -0.084567 -0.20067 -0.032908 -0.065936 -0.1861 0.097998 -0.04524 0.039932
-0.092628 -0.25251 -0.17211 -0.030775 -0.068454 -0.22599 -0.15803 0.10476 0.087869 -0.2336 -0.05403 0.18125 0.06869 -0.0001145 0.013637 0.050145 0.13657 -0.057063 -0.088263 -0.14621 -0.07595 -0.018314 0.075786 -0.19203 -0.075116 -0.1056 0.18719 -0.055058 -0.0017807 -0.04625
-0.14206 -0.019226 -0.22875 0.0087692 -0.031535 -0.2452 -0.086035 0.23532 0.058236 -0.020011 -0.0854 -0.047853 -0.10782 -0.050864 -0.0041632 -0.20287 0.16597 0.090605 -0.061472 0.12069 0.19322 0.16795 0.06898 0.133 -0.065124 -0.025461 -0.047871 0.020486 -0.03111 0.10473
-0.068033 0.12898 -0.069476 -0.053647 -0.15896 -0.0032416 -0.11882 -0.0066109 0.29126 -0.050877 -0.042434 -0.12965 0.10843 -0.1651 0.11177 0.13715 -0.058569 0.02078 -0.11913 0.07316 0.084802 0.054432 0.097699 -0.13622 -0.036674 -0.080058 -0.099548 -0.13683 -0.089385 0.060404
0.012551 0.024625 0.15447 0.013705 0.088406 -0.0074653 -0.20166 -0.072946 0.1507 0.22418 0.035504 -0.05192 0.082763 -0.024761 0.047781 -0.039452 -0.029129 -0.084094 -0.11083 -0.051194 -0.11181 -0.042831 0.064973 0.053404 0.04366 0.053028 -0.057382 0.23195 -0.12552 -0.034587
-0.0011219 -0.11831 0.026839 -0.065099 -0.16067 -0.18285 0.11173 0.057317 -0.22493 -0.23025 -0.11989 0.084236 0.10719 -0.016631 0.070358 -0.093471 0.19319 0.078868 0.099272 -0.050378 0.19063 0.084296 0.16231 0.20393 -0.0051072 -0.0061098 -0.024367 0.015655 -0.072795 0.033646
0.070057 0.0058569 0.17616 -0.050516 -0.16049 -0.17336 -0.20466 -0.026906 -0.072771 -0.25904 0.001763 -0.21983 -0.033783 -0.19605 0.037109 0.010223 0.034163 -0.11045 -0.13913 -0.048055 -0.16819 -0.029729 0.072002 0.18899 -0.087675 0.052514 0.097022 -0.081792 -0.099575 0.092752
-0.095806 -0.25664 -0.11905 0.07595 -0.13986 0.048652 -0.1504 0.076314 -0.023124 -0.16603 0.043346 -0.092237 -0.036588 0.12086 -0.038423 -0.14373 -0.22749 0.12212 -0.078 0.077985 0.11636 0.016936 0.28374 0.047195 -0.10083 0.062132 -0.11388 -0.089526 0.053024 0.18406
-0.12707 -0.063138 -0.00028589 -0.02119 -0.067364 0.24296 -0.13871 -0.095819 0.089473 0.15248 0.04999 -0.1781 0.0959 0.033048 0.04315 0.067293 0.24563 -0.0026812 -0.046265 0.13818 0.069949 0.037295 -0.033349 0.24849 0.071871 0.067281 0.1183 0.032337 -0.049099 0.018201
-0.012433 0.017531 -0.13315 0.15626 0.12692 -0.062511 0.098857 0.071558 0.099599 0.0049647 0.10611 -0.19815 0.057112 -0.068101 0.067636 -0.033596 -0.052587 -0.0081142 -0.029605 -0.15851 0.046784 -0.15878 0.092054 0.012754 -0.14215 0.017687 0.23561 -0.10497 0.057563 0.052065
-0.075241 0.010296 0.1458 0.11443 0.17476 -9.5056e-06 0.036203 0.071221 0.063651 0.13046 0.2531 -0.004554 0.1625 -0.049232 -0.026567 0.23343 0.19407 0.03774 0.043857 0.025905 0.19092 -0.047979 -0.14487 0.039645 -0.016557 -0.0016707 0.2169 -0.037738 0.057015 0.019373
0.066066 -0.077598 -0.14104 -0.042783 -1.1285e-05 -0.060497 -0.14244 -0.025017 0.044224 0.14377 -0.040122 -0.012681 0.089754 0.057014 0.031017 0.052208 -0.02412 -0.087843 0.044498 0.029366 -0.075594 -0.12265 -0.02196 0.012326 0.033753 -0.039525 -0.015993 -0.089553 -0.045006 0.051551
-0.17097 0.10763 0.0041631 -0.0011354 -0.10985 0.27529 0.11441 -0.032347 0.34218 0.11207 0.069399 0.063949 0.27075 -0.077698 0.090014 0.16133 0.066393 0.052808 -0.02727 0.03455 0.056292 -0.021502 0.01651 0.086337 -0.16682 -0.16159 0.057241 -0.033093 -0.21729 0.039263
-0.087815 0.054947 0.039923 -0.037034 0.071777 -0.044713 -0.0070731 -0.013417 0.10826 -0.040309 -0.12141 0.011943 0.15555 -0.10641 -0.037309 -0.042752 0.18494 0.023697 0.088128 0.063814 -0.010867 0.17556 0.10526 -0.098104 -0.15707 0.00070504 -0.076664 0.068342 0.068392 -0.031413
-0.039273 -0.082332 -0.11999 -0.051333 0.44979 -0.19896 -0.045246 -0.046117 0.10031 0.0030615 0.13811 -0.13424 -0.12795 -0.069209 -0.089735 -0.042883 -0.0054313 -0.039104 0.062183 -0.058036 -0.12721 0.0058069 0.20449 -0.41227 0.39034 -0.054306 0.2177 -0.032338 0.015146 -0.02498
-0.098495 -0.27011 0.10915 -0.11552 0.2614 -0.14681 -0.14489 -0.03682 0.045687 0.0033047 -0.024148 -0.06534 -0.14345 0.22585 0.18217 0.21832 -0.23169 0.042422 -0.066266 0.012799 -0.20561 0.15266 0.062995 -0.10602 0.10442 0.040363 -0.029094 0.0070169 0.011693 0.093131
-0.13977 0.15128 -0.077157 0.077002 -0.058121 -0.028438 0.032879 0.045446 0.14866 -0.17449 0.11116 -0.11652 -0.039339 -0.063097 -0.086214 0.15477 0.0021296 0.031892 -0.067697 0.14878 0.11244 0.25776 0.40418 -0.028123 -0.2994 0.07069 -0.23273 -0.16004 0.19295 0.35056
0.068773 0.067476 -0.14613 0.072065 0.049102 -0.14449 -0.0002418 0.038218 -0.076258 -0.080742 0.32048 -0.19304 -0.12026 -0.30194 0.30139 0.25105 0.018816 -0.026236 0.093857 0.063572 0.05781 0.031492 0.034943 0.11497 -0.16745 -0.039288 0.021135 0.10045 -0.14057 0.047101
0.04439 -0.0063455 -0.0050912 -0.032271 0.18991 0.013236 -0.018378 0.16918 0.16578 -0.14636 -0.039002 -0.027963 -0.020126 -0.27076 0.010052 -0.062586 0.025626 -0.034074 0.12885 -0.14824 0.030085 0.059217 0.12936 -0.16665 -0.12678 -0.10951 -0.037868 0.0068187 0.15905 -0.0044661
0.1272 0.078199 -0.035402 -0.045226 0.023891 0.25096 0.038804 0.18925 0.049274 0.30218 -0.0066283 0.17574 0.12404 -0.040802 -0.087656 -0.083517 0.026276 0.11689 -0.065147 0.20726 0.10696 0.025581 -0.20495 -0.10064 -0.1098 0.04895 0.10822 0.094546 -0.10935 -0.014227
0.023706 0.081963 -0.0028682 0.016019 -0.12328 0.10356 0.05996 0.026129 0.1255 0.13411 0.19124 -0.094514 0.13175 -0.047283 -0.072159 0.17269 0.028638 0.24314 -0.092365 0.078568 0.0016509 -0.010917 -0.069533 0.082384 -0.16694 -0.017797 -0.18798 -0.079009 -0.13892 0.075046
-0.091717 -0.11095 -0.058981 0.081535 0.1053 -0.063903 0.0084617 0.06888 -0.17915 0.027774 0.18052 -0.14296 -0.059998 -0.15074 -0.09974 -0.062868 -0.010093 0.13044 0.012968 -0.012456 0.051667 -0.00094384 0.026206 0.1374 -0.027093 0.15031 -0.0077796 0.068055 -0.12417 0.095531
-0.064512 -0.11336 0.098391 -0.10877 0.10757 0.025204 -0.098107 -0.10408 0.055716 -0.0092832 0.074098 0.030391 0.14036 -0.058597 0.025775 -0.10237 -0.060874 0.034916 -0.055451 0.20596 0.082459 0.020138 -0.058417 -0.16608 0.077643 0.10021 -0.12614 -0.025181 0.059939 -0.015813
0.0018382 -0.048129 -0.00069944 -0.012328 -0.10211 0.072518 -0.098555 0.062483 0.053593 0.0661 -0.023019 0.13149 0.06525 0.020356 -0.043311 -0.041761 -0.14681 0.071571 -0.071477 -0.12665 0.036825 -0.001114 -0.11075 -0.31716 -0.049732 -0.012893 -0.17223 0.096966 -0.097147 0.062635
0.079934 0.10985 0.054027 0.060084 -0.016731 0.014785 -0.047152 0.060209 -0.069086 0.27555 -0.062663 0.057439 -0.0062273 0.11002 -0.049807 0.0068599 0.14378 0.16681 -0.096634 0.10484 0.16328 0.017153 0.0036556 -0.0044897 -0.031557 -0.16654 -0.044142 0.013011 0.066447 0.13672
-0.057305 0.11178 -0.15644 0.10425 0.36703 -0.072273 -0.20789 -0.1535 0.0076576 0.2797 -0.072027 -0.12467 0.086242 -0.31281 -0.015523 0.047654 -0.079172 0.024302 0.18846 -0.46628 -0.1504 -0.13469 -0.088665 -0.19671 0.064506 0.03029 -0.094695 0.053981 0.0033202 0.1683
-0.20153 -0.013939 0.10195 0.12423 0.14851 0.17694 -0.067647 -0.018103 -0.11433 0.038911 -0.054686 -0.11199 0.14391 -0.14103 0.073951 0.020795 -0.12371 0.085615 0.079738 -0.025788 0.040659 0.12433 -0.045495 -0.11364 0.062567 -0.051525 -0.070907 0.12118 -0.090871 0.11228
-0.13072 -0.1025 -0.067814 0.019544 -0.058663 0.044551 -0.017896 0.15684 0.13488 0.12044 0.043692 0.028221 -0.024755 -0.063177 0.09083 0.16461 0.092627 0.12532 -0.1329 0.13973 -0.087295 -0.074542 0.073217 0.063055 -0.20902 -0.035869 0.11156 -0.045222 0.061801 0.11665
0.0379 0.16467 0.10916 -0.018345 -0.20159 0.015838 -0.033288 -0.096273 0.058835 0.034089 0.050763 -0.050854 0.004067 0.06089 -0.065226 0.20502 -0.034533 0.16957 -0.09053 -0.050981 -0.09621 -0.03119 -0.056176 0.0017574 -0.044506 -0.051365 -0.019598 0.023177 0.085668 0.23187
