0.075504 0.072351 -0.059208 0.022213 -0.06848 0.075754
-0.14181 -0.055353 -0.046464 0.5043 0.085477 -0.28036
0.13802 -0.036602 -0.064857 -0.051978 -0.072299 0.14697
0.027911 0.026234 0.16005 -0.13057 0.25465 0.16747
-0.09946 -0.093558 0.22466 0.21063 0.35885 0.077684
0.061878 0.15835 0.063403 -0.075561 0.74834 -0.10799
-0.0087746 0.084058 0.36584 -0.09496 -0.35961 -0.52319
0.041146 0.18421 0.3658 0.19499 0.016936 -0.19021
0.094587 -0.020029 0.40054 -0.033493 -0.24229 -0.28305
0.098721 -0.16499 0.09823 0.083116 -0.55282 0.048995
0.044883 -0.0075686 0.051737 0.073879 0.11153 -0.059146
0.022089 -0.0053422 0.0064149 0.030288 0.093021 -0.48321
0.14181 -0.080573 -0.01269 -0.060231 0.064709 -0.24357
0.1952 0.31051 0.19448 -0.27002 -0.07457 0.2716
0.052333 -0.019448 0.17871 0.036163 0.0045523 -0.10728
0.23069 0.11065 0.24454 -0.49958 -0.042833 -0.13228
-0.12234 0.15967 0.012171 -0.03372 0.076685 -0.15913
-0.1383 -0.2291 -0.047931 -0.010137 -0.19444 -0.21632
0.15168 -0.34785 0.037772 -0.018516 -0.11819 0.3396
0.0046968 -0.01499 -0.069304 -0.2737 -0.079058 -0.25992
-0.11642 0.0019018 -0.12404 -0.03252 -0.071097 -0.12079
-0.01678 0.093998 -0.1847 -0.14323 0.15952 -0.46665
-0.037143 -0.039173 -0.022909 -0.11002 0.46272 -0.23607
-0.034442 -0.053389 -0.25855 0.35324 0.026006 -0.49317
0.042059 0.024464 0.43442 -0.094258 -0.17483 0.58385
0.015129 -0.034309 -0.11503 0.16411 0.10442 0.22702
-0.10095 -0.096875 0.090124 0.20813 0.29343 -0.11055
-0.069817 -0.06959 0.053191 0.074684 -0.010091 0.038815
0.057918 -0.032106 0.1113 -0.0032912 0.028571 0.231
0.19405 -0.15522 0.39718 0.10766 -0.30621 0.18104
