-0.20088 0.13414 0.075248 -0.05791 -0.055669 -0.042296 -0.03754 -0.095905 0.043015 0.042351 -0.14936 0.00010918 0.07331 -0.22064 0.1789 -0.023858 -0.11256 0.1725 0.014549 0.025217 -0.045114 -0.013552 0.017525 -0.17099 -0.19406
-0.035374 0.1255 0.060173 -0.063639 -0.066391 -0.049333 -0.0012336 -0.035774 -0.037541 0.0050894 -0.033858 0.017633 0.043755 -0.17189 0.24098 -0.0042434 -0.02995 0.056067 -0.063379 0.052213 0.056501 -0.055855 -0.033006 -0.15467 -0.16836
-0.053799 0.06933 0.015051 -0.054196 0.027782 -0.12617 -0.00031836 -0.012983 -0.010154 -0.0009306 -0.079107 0.0022271 -0.038541 -0.12683 0.041471 -0.0094218 -0.1602 -0.00014053 -0.0065197 0.095394 0.0009706 0.031244 0.077253 0.053527 -0.08658
-0.31163 0.24885 0.0042306 -0.048627 -0.10575 -0.0024537 -0.07044 -0.096314 0.089385 -0.031034 -0.23664 0.0098798 -0.13601 -0.25386 0.38944 0.06479 -0.12341 -0.32163 -0.14325 0.22231 -0.070685 0.18652 -0.30672 0.12712 -0.19134
-0.30675 0.11495 -0.47321 -0.055042 0.091015 0.063004 -0.12059 -0.028141 -0.065837 0.32385 -0.52785 0.0128 -0.060128 -0.33521 0.2826 -0.056024 -0.20417 -0.32698 -0.022612 0.11872 -0.11871 0.32803 0.11299 0.094237 -0.23178
-0.1415 0.16784 0.11922 -0.053577 -0.017915 -0.019659 -0.010524 -0.049472 -0.095908 -0.0032676 -0.11244 -0.00088763 0.25857 -0.21801 0.40196 -0.0088215 -0.33294 0.2146 0.0023741 0.032062 -0.17927 -0.22564 0.0041238 -0.27722 -0.17854
-0.1684 0.28074 0.01599 -0.066451 -0.04625 -0.044838 -0.013684 -0.021148 -0.02354 -0.061212 -0.043945 0.023072 0.15939 -0.20671 0.35256 0.026274 -0.20914 0.1809 0.017782 0.076055 -0.092528 -0.15492 0.061787 -0.24069 -0.081076
-0.065876 0.225 0.042456 -0.014092 0.025453 -0.018909 -0.025895 -0.021748 -0.033182 0.0021961 0.062999 -0.022432 0.073567 -0.20057 0.072726 0.019982 -0.23757 -0.018303 0.042461 0.088571 -0.27866 -0.043138 0.001385 -0.037172 0.064235
-0.2014 0.20012 0.095706 -0.050166 0.12405 -0.069485 -0.020018 -0.060863 0.00039004 0.090479 -0.028083 -0.054379 -0.063508 -0.1986 0.034448 -0.041152 -0.28291 -0.15527 -0.017543 0.086068 -0.2493 0.095533 0.0085937 0.11413 0.010405
-0.01524 0.12262 -0.082813 -0.062104 0.18703 -0.13887 -0.015602 -0.031618 -0.056531 0.05754 -0.17146 0.004578 -0.11363 -0.2284 0.30182 -0.0099479 -0.26516 -0.20685 -0.031981 0.20742 0.071447 0.17841 0.066744 0.22998 -0.089001
0.052427 0.14769 0.14331 -0.016607 -0.16987 -0.010944 0.00082909 -0.071691 -0.11935 -0.11122 0.12265 -0.013014 0.061375 -0.1275 0.38073 -0.010776 -0.28901 0.33176 0.033626 0.12842 -0.20763 -0.26668 0.01086 -0.2867 -0.022916
-0.016392 0.28903 0.054911 -0.011117 -0.0055615 0.0088357 -0.011309 -0.013175 -0.068961 0.002954 0.2121 0.015607 0.15919 -0.12416 0.17576 0.032387 -0.28662 0.23135 0.090004 0.020284 -0.24694 -0.20638 0.07519 -0.24689 -0.000315
-0.10821 0.40009 0.032076 -0.036388 -0.067465 0.002597 -0.012838 -0.02377 -0.048028 -0.049135 0.13472 0.012982 0.0073738 -0.11062 0.10629 0.014678 -0.29099 -0.0016379 -0.0076317 0.022287 -0.073916 -0.097181 -0.012701 -0.0030034 0.036986
0.037069 0.25881 -0.026239 -0.026555 0.042302 0.019392 -0.0066547 -0.031268 -0.018855 -0.037461 0.21987 -0.015305 -0.068358 -0.096674 0.090893 0.026001 -0.22258 -0.18321 -0.011265 0.09824 -0.14152 0.015448 -0.0070868 0.15635 0.12917
0.02806 0.17383 0.074903 -0.018766 0.19763 -0.081682 0.033358 -0.012285 0.0021588 -0.040355 0.047882 -0.030267 -0.077136 -0.082922 0.13324 0.085097 -0.28636 -0.27766 -0.02836 0.17793 -0.12495 0.084347 -0.056308 0.28247 0.1308
0.055947 0.31724 0.05466 -0.0031882 -0.18098 0.046524 -0.02357 0.039956 -0.032727 -0.045436 0.16488 0.010069 0.048866 0.014725 0.13915 0.040097 -0.35384 0.23566 0.075695 -0.14238 -0.11163 -0.32525 0.093322 -0.25457 0.17221
0.15189 0.32635 0.048801 0.0091854 0.053469 0.013919 0.010496 0.083195 -0.050887 -0.16212 0.12047 -0.01149 0.22797 -0.0048136 0.19753 0.087504 -0.23367 0.15845 0.033949 -0.051151 -0.11261 -0.286 0.0044761 -0.07224 0.27195
0.054479 0.12872 0.02605 0.015289 0.0775 0.031969 -0.026562 0.015418 -0.013616 -0.055516 0.21712 -0.037167 0.075737 -0.015472 0.034542 0.026809 -0.19376 0.13357 0.016803 -0.0059093 -0.11011 -0.16158 0.0035847 -0.055941 0.10819
0.073492 0.15196 0.016577 0.0046411 0.07461 -0.0148 0.01183 -0.0027135 -0.070179 -0.041078 0.05725 -0.005283 -0.10631 -0.0057933 0.17642 0.045911 -0.24293 -0.063482 -0.00097881 0.13965 -0.068034 -0.052637 0.0041975 0.17337 0.16586
0.10597 0.05262 0.019712 0.029975 0.053001 0.0087802 -0.09654 -0.016625 0.10096 -0.0053636 0.23914 -0.095152 -0.22306 0.04112 0.080128 -0.065283 -0.30698 -0.12864 -0.030146 -0.023839 -0.34032 0.061761 -0.011502 0.30984 0.22668
0.21868 0.1202 0.037853 0.019678 -0.23385 0.13806 -0.00047035 0.11878 -0.053947 0.0007056 0.2159 -0.013694 0.051422 0.13317 -0.0033584 0.065267 -0.14248 0.19887 0.050736 -0.28612 -0.26409 -0.38873 0.072618 -0.1679 0.32625
0.27922 0.097974 0.03231 0.026793 -0.069594 0.15342 -0.0204 0.084998 -0.0033363 0.022263 0.36671 -0.032732 0.031681 0.13155 -0.13358 0.037909 -0.18564 0.2091 0.061805 -0.2662 -0.27191 -0.29004 0.081172 -0.10756 0.36251
0.15348 0.075958 0.026189 0.049605 -0.053068 0.015122 -0.024187 0.085677 0.0033261 -0.12282 0.22536 -0.052548 -0.014651 0.10709 -0.026651 0.041025 -0.096854 0.070774 0.018672 -0.10849 -0.16129 -0.18995 0.0053246 0.036835 0.27467
0.25054 0.022323 0.098033 0.021765 0.07936 0.0086395 -0.024786 0.053856 0.074056 0.040399 0.12261 -0.050673 -0.040444 0.075172 -0.080167 0.023628 -0.071423 -0.15252 0.022869 -0.1131 -0.12402 -0.048418 0.014776 0.20439 0.26868
0.0032309 -0.040321 0.00033774 0.0099634 0.014924 0.084488 -0.024807 0.047449 0.081818 0.020067 0.11855 -0.057389 -0.19814 0.1879 -0.26532 -0.0047554 -0.18428 -0.19499 -0.05748 -0.12301 -0.11001 0.03237 -0.024392 0.25528 0.25836
0.10779 -0.04155 0.099538 0.029269 0.05422 -0.0050447 0.019007 0.030608 -0.039914 -0.017422 0.092854 -0.0020426 0.02924 0.11159 0.094764 0.003106 0.070522 0.18279 0.0060603 -0.074378 0.021014 -0.16307 0.026814 -0.04293 0.11765
0.079377 0.11255 -0.0121 0.021874 -0.077629 0.025116 0.0066364 0.050274 -0.065418 0.019484 0.0055224 0.048444 0.067948 0.078356 0.17041 0.046735 -0.0046025 0.13795 -0.0046423 -0.11161 0.10538 -0.18709 0.022852 -0.093715 -0.073557
0.13492 0.082194 0.0071099 0.015389 -0.09194 -0.014044 -0.032523 -0.011182 -0.017633 -0.038804 0.13363 0.026913 0.069287 -0.016104 0.16455 -0.019298 -0.04363 0.033566 -0.0022412 -0.056605 0.050227 -0.083098 0.0019158 -0.083964 -0.10149
0.094089 0.11959 0.075481 -0.018417 -0.1836 -0.17212 0.0095215 -0.033532 -0.0068737 -0.035454 -0.10215 -0.012089 0.012425 -0.13651 0.48803 0.0072638 0.014103 0.1011 -0.015925 0.077452 0.028757 -0.090612 0.074862 -0.21196 -0.29856
-0.27023 0.15724 0.075788 -0.041725 -0.22279 -0.077517 0.0071071 -0.087952 0.025739 -0.08689 -0.27269 0.071924 0.064055 -0.13417 0.32328 0.046997 -0.047784 0.013417 -0.0081603 0.20647 0.13311 -0.042218 -0.039604 -0.27131 -0.32495
0.26424 0.016004 0.0081582 0.076658 0.017181 0.070174 0.0046507 0.087561 -0.077323 0.012099 0.22083 0.02828 -0.053163 0.27703 -0.028066 0.015749 -0.028017 0.12709 -0.00060104 -0.18402 0.046815 -0.18808 0.029196 0.0372 0.18297
0.2231 0.1856 0.0017372 0.023704 -0.047243 0.042423 -0.0035623 0.015063 0.012955 -0.097451 0.16404 0.044955 0.01215 0.14763 0.31339 0.036231 0.094082 0.090184 -0.026222 0.0073648 0.15602 -0.15526 0.0010849 -0.0073124 0.016174
0.19576 0.090615 -0.0048396 0.0059835 -0.11186 0.058798 -0.015749 -0.043053 -0.025175 -9.2255e-05 0.054517 0.032693 0.049434 -0.0027991 0.25748 0.0079194 0.059163 0.10829 -0.01352 -0.01804 0.15392 -0.13109 0.0020614 -0.053025 -0.11332
0.051327 0.036037 0.03718 -0.019932 -0.13923 0.026742 -0.015297 -0.074104 -0.062526 0.10016 0.035699 0.040424 0.0067972 -0.068198 0.20635 -0.068109 0.032454 0.00048048 -0.015575 0.040626 0.11945 -0.043527 0.032734 -0.15918 -0.23308
0.067482 0.035294 -0.11956 -0.029139 0.0044937 -0.017898 -0.024262 -0.063454 0.042682 -0.044179 -0.17393 0.033864 0.15892 -0.12901 0.32376 0.0060303 -0.0096505 0.040696 -0.023836 0.18585 0.33422 -0.02121 0.052263 -0.22976 -0.3781
0.38083 -0.11337 -0.0071582 0.083671 0.099121 0.03193 -0.0070418 0.05921 -0.014677 -0.20823 0.38124 0.018428 -0.00061875 0.31933 0.10515 0.0096072 0.19086 0.19309 -0.0079065 0.0095951 0.20899 -0.24492 0.037634 0.17533 0.15322
0.29923 0.034053 -0.016846 0.034532 -0.085164 0.17102 -0.037229 -0.038471 0.0012022 -0.0046963 0.36317 0.029858 -0.0084926 0.21066 0.091774 -0.060266 0.1291 0.02049 -0.022414 -0.038669 0.14947 -0.15529 0.020846 0.028714 -0.048923
0.25254 0.084804 0.012248 0.015377 -0.094828 -0.0097452 0.020213 -0.034935 -0.04472 -0.074984 0.11266 0.032067 -0.06838 0.13368 0.32422 0.0064824 0.10742 0.039555 -0.055357 0.090419 0.24344 -0.10952 0.0035294 0.049024 -0.18425
0.2136 0.13021 0.042598 -0.0042538 -0.028276 0.019236 0.021803 -0.10116 -0.023963 0.00658 -0.025394 -0.00028199 0.051082 -0.01381 0.26704 -0.0090438 0.019257 -0.0078768 -0.022539 0.13414 0.18849 -0.024107 0.0082405 -0.045119 -0.26107
-0.0065783 0.092531 -0.13696 -0.017103 -0.054302 0.010491 0.014293 -0.11294 0.010388 -0.068612 -0.12657 0.043482 0.048807 -0.05611 0.31646 0.061833 0.12443 -0.024469 -0.057704 0.15509 0.41461 0.054979 -0.016135 -0.072965 -0.43355
0.36391 0.087519 -0.0014622 0.062246 0.21425 0.016569 -0.024241 0.21483 0.10127 0.023663 0.30316 -0.019361 0.024229 0.28931 -0.036962 0.046216 0.22264 -0.021283 -0.057929 -0.14445 0.010323 -0.1856 0.042822 0.090736 0.20603
0.30493 -0.031756 0.037514 0.058079 -0.0038965 0.052819 0.057186 0.042213 -0.081381 0.03715 0.23101 0.020211 -0.0074432 0.25619 -0.023653 0.058021 0.3272 -0.095381 -0.025999 -0.092709 0.28336 -0.14466 0.011915 0.10535 -0.062277
0.23356 0.14278 0.025876 0.020197 -0.041218 0.0028498 0.017404 -0.0072124 -0.041369 0.045871 0.063579 0.0029627 -0.00057934 0.082116 0.15923 0.0081368 0.13497 -0.12631 -0.022077 -0.010771 0.15836 -0.087246 0.043986 0.073237 -0.12115
0.096731 0.11384 0.034251 0.0035251 -0.054764 0.029917 -0.012134 -0.04944 -0.030412 0.083494 0.10868 0.012793 0.022214 0.027773 0.28957 -0.055082 0.10625 -0.19568 -0.044914 0.070782 0.12802 -0.017742 0.0022878 0.0017856 -0.23235
-0.07203 -0.13019 0.084324 -0.025188 0.075497 -0.067387 -0.035324 -0.1179 0.042974 0.010739 -0.095135 0.021946 0.023063 -0.13086 0.18107 -0.055993 0.034676 -0.15541 -0.038581 0.22916 0.34792 0.067872 -0.037654 -0.066037 -0.32859
0.17693 0.12432 -0.010715 0.11085 0.12561 0.051779 0.03109 0.061777 0.039279 0.10092 0.18221 -0.046127 -0.20211 0.34077 0.018241 0.10651 0.24667 0.026928 -0.00073261 -0.18644 -0.067126 -0.044873 0.038602 0.20917 0.1738
0.36516 -0.025911 0.032262 0.068706 0.31176 0.034359 0.028125 0.11428 -0.020031 0.078557 0.25491 0.016 0.027678 0.32553 -0.062684 0.036865 0.12739 -0.1317 -0.028011 -0.052983 0.20099 -0.089603 0.030831 0.18104 0.10064
0.18732 0.12637 0.0078035 0.049169 0.054748 -0.017387 -0.044806 0.010856 0.056674 0.076442 -0.0077949 -0.0083943 -0.085565 0.14433 0.068217 -0.017857 0.084106 -0.15377 -0.019802 -0.048235 0.2395 0.02337 0.020148 0.1095 -0.095814
0.0446 0.082871 0.048432 0.0054268 0.064245 -0.12086 0.0028647 -0.032234 0.0065635 0.038936 -0.20424 0.002436 -0.025245 -0.023551 0.2551 0.015816 -0.0017832 -0.13696 -0.021343 0.073523 0.16929 0.052802 0.024382 0.057991 -0.1975
-0.33663 0.11876 -0.026748 -0.063985 -0.072972 -0.036102 -0.033518 -0.13277 0.14681 0.024185 -0.26302 -0.01822 -0.13239 -0.13055 0.13316 -0.039183 0.10329 -0.19336 -0.073415 0.18773 -0.028342 0.17722 0.010089 0.040702 -0.27783
