0.035844 -0.025816 -0.0075783 0.032689 0.006332 0.64831
-0.084803 0.0019511 0.025698 0.013688 -0.022398 0.56704
-0.019493 -0.27693 -0.32454 0.038936 -0.54125 0.11825
0.079814 0.78276 -1.1199 -0.019012 -0.34603 -0.1874
0.03005 0.040814 0.19801 -0.21969 -0.29186 0.83035
0.029474 -0.10966 -0.1258 -0.014484 -0.87378 0.1811
0.134 1.0895 0.26964 0.057778 -0.083707 -0.27106
0.051214 -0.039847 0.31467 0.11858 -1.0497 -0.16941
0.084155 0.60192 -0.0099867 -0.034196 0.091905 -0.42963
0.25717 0.14916 0.062968 -0.074436 0.62247 -0.79062
0.0086087 -0.058042 0.013592 0.027528 0.049148 -0.71913
-0.00036213 0.49852 -0.7537 0.012375 -0.056205 0.19978
-0.14949 -0.08359 -0.26761 0.20514 0.45401 -0.57068
0.16592 -0.22617 0.20056 0.053162 0.39521 -0.10531
0.12392 0.033013 0.087116 0.039305 -0.12126 -0.48111
0.013904 -0.73056 -0.36881 -0.092178 0.012891 -0.18298
-0.055365 0.021456 0.006809 -0.013693 0.0021315 0.60581
0.018189 -0.23601 -0.069319 0.73551 -0.47407 -1.0606
0.010815 0.087607 1.0536 0.06503 -0.14756 -0.10839
-0.12449 -0.097006 -0.17206 -0.15744 0.67366 -0.95073
-0.039547 0.039344 0.022069 -0.0052776 -0.061363 -0.64113
-0.11028 -0.27178 -0.21264 0.25607 -0.338 -0.21733
0.030206 -0.22316 -0.72423 -0.036883 -0.40327 0.10306
0.11174 0.25735 0.34247 -0.70237 -0.43016 -1.1716
0.00037145 0.039749 -0.14663 0.040162 0.30265 -0.27569
