-0.099136 -0.049944 -0.053164 -0.02011 -0.035776 -0.21655 0.31345 -0.049052 -0.006266 -0.10604 -0.0026682 0.015671 0.13652 -0.035364 0.10802 0.16852 -0.21161 0.3385 -0.30368 0.12049 -0.008045 0.37731 -0.083253 0.022814 -0.15233
0.27813 0.019798 -0.024758 0.11687 -0.040656 1.653 0.37906 -0.38121 -0.14334 0.04499 0.24969 0.3116 0.13413 -0.0423 0.09025 -0.29815 -0.20363 0.31937 0.064997 0.13878 -0.080245 0.19929 -0.21981 0.089627 -0.13558
-0.020109 -0.088442 -0.063851 0.10787 0.0019326 -0.14778 0.18066 -0.013466 0.014677 0.011323 0.11529 0.0030478 0.031681 -0.079382 0.041316 0.062363 0.0026367 0.17183 -0.039227 0.041968 0.090276 0.0082838 0.018161 -0.075371 -0.21924
-0.034839 0.055016 -0.078702 -0.0021713 0.010366 -0.11479 0.14223 -0.023956 -0.022222 0.089945 0.018557 0.010413 -0.08657 -0.10926 0.18934 0.0089391 0.081196 0.15416 -0.02063 -0.030105 0.018038 -0.11277 0.11301 -0.087038 -0.037875
-0.018126 0.023868 0.060088 -0.054881 0.066904 -0.088678 0.14591 -0.053713 -0.029778 -0.068574 0.087275 -0.16764 -0.12822 -0.021502 0.1052 0.050876 0.074867 0.15277 -0.06148 0.025532 0.0091095 -0.048525 -0.062066 0.028264 -0.23131
0.050047 -0.16076 -0.14934 -0.075317 -0.044432 -0.17972 0.13747 0.16909 0.041892 0.026532 -0.12104 -0.02504 0.21696 -0.10964 -0.056075 -0.045567 -0.30043 0.21329 0.02673 0.21008 -0.014931 0.17797 0.25943 0.013962 0.063315
-0.059891 -0.19452 -0.13778 0.10353 0.1105 -0.15138 0.12744 -0.0029118 0.090379 0.0013497 -0.05523 -0.012626 0.1298 -0.045477 -0.10717 0.045968 -0.088239 0.15444 0.064434 0.22974 -0.03656 0.10128 0.056405 0.032754 -0.045063
0.024637 -0.1244 -0.13534 0.11942 0.019421 -0.10728 0.09617 0.029898 -0.034883 -0.045579 0.11096 -0.00094547 -0.073053 -0.0672 -0.084196 0.065742 0.041757 0.099815 -0.015571 0.1061 0.043794 0.014818 0.013204 -0.038861 -0.12629
-0.007375 -0.078713 -0.1761 -0.073262 -0.0018366 -0.1035 0.10993 0.034525 -0.032688 -0.029058 0.20192 -0.0057512 -0.17757 -0.076379 -0.071677 0.088944 0.13794 0.12736 -0.13077 0.092088 -0.034945 0.03134 -0.073419 0.054913 -0.17865
0.0094711 -0.050647 -0.072184 -0.42817 0.14861 -0.10579 0.10682 0.087999 -0.047828 -0.10183 -0.0074428 0.021244 -0.27849 -0.06456 -0.041913 -0.00489 0.056094 0.14074 -0.0070733 0.075279 0.0094221 -0.1067 0.11091 -0.020894 -0.054654
-0.09594 -0.23883 -0.18686 0.23211 0.03977 -0.14068 0.054506 -0.040686 -0.040732 -0.052998 -0.082083 -0.075691 0.24609 -0.070496 -0.17808 0.083121 -0.28427 0.06776 0.039378 0.098459 -0.031364 0.24503 -0.041126 -0.025935 0.028275
-0.038846 -0.17669 -0.14485 0.20367 0.07862 -0.10895 0.088754 -0.05281 0.06251 0.042867 -0.10961 0.0071578 0.13953 -0.06543 -0.076547 0.071162 -0.070336 0.1275 -0.016205 0.16491 0.015077 0.13046 -0.062797 -0.0083406 -0.10205
0.016033 -0.14021 -0.18575 -0.0049718 -0.0015276 -0.10731 0.054097 -0.026605 0.10426 0.026819 0.043837 -0.096071 -0.018979 -0.082427 -0.14216 0.0084371 -0.08563 0.089848 -0.02398 0.0052486 0.11053 0.011645 -0.019121 0.021101 -0.14646
0.058382 -0.18163 -0.12453 -0.11963 0.0044416 -0.097236 0.01952 0.038259 0.045493 -0.069666 0.16165 -0.042826 -0.26876 -0.031867 -0.11728 0.046584 0.11289 0.015693 -0.041606 0.11067 0.048349 -0.051097 0.077115 0.014502 -0.11636
0.057018 -0.11908 -0.048087 -0.25937 -0.084805 -0.080788 -0.0067215 0.085083 0.0023006 0.44735 0.068815 -0.038463 -0.24707 0.0062527 -0.040757 0.085173 0.094441 -0.053854 -0.10052 -0.0026118 -0.12919 -0.19323 -0.01463 0.051852 -0.14925
-0.06481 -0.1671 -0.21605 0.21394 -0.001402 -0.084464 -0.14103 0.0033208 -0.0062302 0.086731 -0.30493 0.00054942 0.33513 -0.044211 -0.22976 0.066932 1.8424e-05 -0.065661 0.043281 0.20035 0.059443 0.14586 -0.093842 -0.083122 -0.12774
-0.016137 -0.25582 -0.15642 0.12724 0.10354 -0.072265 -0.06023 -0.012276 0.051947 -0.093565 -0.0022177 -0.053818 0.12715 -0.050144 -0.22375 0.03667 -0.16973 -0.024618 0.0038228 0.022025 0.039403 0.12109 -0.079783 0.036752 -0.10377
-0.026987 -0.10903 -0.15891 0.065103 -0.031625 -0.091496 -0.014235 -0.030349 -0.091381 -0.077828 -0.058072 -0.079902 -0.060786 -0.070492 -0.14385 0.054198 0.11841 0.036522 0.020271 -0.010263 -0.086621 -0.011609 0.13621 -0.0063327 -0.10729
-0.032461 -0.2147 -0.072517 -0.17344 0.0016063 -0.046694 -0.12389 -0.031202 0.071719 -0.082211 0.16403 -0.17909 -0.17438 0.021204 -0.23125 -0.10895 -0.0046745 -0.13667 -0.053944 -0.088898 -0.031803 -0.065908 0.18136 0.056737 -0.062807
-0.027395 -0.18189 -0.10824 -0.075758 0.023295 -0.042867 -0.17903 -0.0014582 0.029945 -0.015158 -0.044581 -0.053071 -0.26801 -0.026479 -0.2212 -0.014096 0.30213 -0.13631 -0.0021912 0.040816 0.041892 -0.12075 0.028986 -0.015081 -0.0018913
-0.031347 -0.17309 -0.08699 0.14805 -0.052036 -0.048127 -0.20699 0.057329 -0.013645 0.05476 -0.071913 -0.074914 0.22037 0.02814 -0.17635 -0.071581 -0.13588 -0.1648 -0.033996 0.017523 -0.097409 0.11829 0.1306 0.012006 0.024998
-0.032189 -0.16812 -0.23708 0.16214 0.071221 -0.030485 -0.17854 0.069118 0.079922 0.081205 -0.039758 0.082915 0.23101 -0.050582 -0.23224 -0.11158 -0.12734 -0.17635 0.037077 0.082764 0.053135 0.061332 0.032491 -0.03222 0.046226
0.018705 -0.13043 -0.15477 -0.10373 0.050286 -0.036328 -0.15466 0.055816 0.019246 0.02765 0.012019 -0.017237 -0.00080591 0.026666 -0.15984 -0.016389 0.0067522 -0.16822 -0.14555 -0.017093 0.019607 -0.091282 -0.048585 0.030196 -0.081718
0.092932 -0.10736 -0.041465 -0.080649 0.20087 -0.0030107 -0.26889 0.013362 0.067435 0.051757 -0.19887 -0.074428 -0.12893 0.045522 -0.2075 0.036928 0.18223 -0.26762 0.019758 -0.024818 0.022506 -0.15858 -0.060895 0.055758 -0.052178
0.00063484 -0.020731 -0.023738 -0.015639 -0.011679 0.010535 -0.30415 0.035658 -0.20456 0.0018845 -0.21661 -0.05456 -0.22482 0.0031032 -0.15644 0.022788 0.40324 -0.28215 -0.063685 -0.04819 0.022754 -0.22532 -0.031166 -0.13084 0.061476
0.2255 -0.19756 0.059646 -0.053856 0.084162 0.05499 -0.25175 0.1484 0.0021788 0.037236 -0.058299 -0.061139 0.23333 0.13849 -0.15806 0.049326 -0.5563 -0.25739 0.10185 0.20172 0.10229 0.10827 -0.082736 0.040108 0.37263
-0.035412 -0.091831 0.018753 0.16251 -0.0024309 0.015521 -0.17817 0.056309 0.0080459 0.094111 -0.077348 0.031702 0.18915 0.085759 -0.020507 -0.016932 -0.065765 -0.18305 -0.011708 0.16073 -0.016353 0.13574 -0.03532 0.030445 0.15631
-0.0057933 -0.066534 -0.054477 0.14345 0.014928 -0.013502 -0.02536 0.080745 -0.018343 0.047114 -0.041394 0.10218 0.1314 0.013652 -0.068076 -0.0089903 -0.03883 -0.014694 0.065139 0.074386 -0.012244 0.082288 0.055722 -0.0079253 0.17824
-0.013552 -0.042397 -0.00090515 0.11382 -0.1321 -0.033445 0.083411 0.0031704 -0.014985 0.097591 -0.12427 0.076433 0.099543 -0.016639 0.10365 0.044007 0.0018744 0.10253 -0.04908 0.02693 -0.013636 0.14802 0.071542 -0.015395 0.10944
-0.023794 0.036953 -0.03327 0.080463 -0.084391 -0.058915 0.142 -0.043671 0.037236 -0.024755 -0.030066 -0.022154 0.085338 -0.016964 -0.059967 0.016846 0.02371 0.12896 0.084248 -0.01191 0.033268 0.053378 0.18566 -0.028019 -0.0044696
-0.099809 -0.18228 0.032765 0.098221 -0.011526 0.0064411 -0.27347 0.024015 -0.032646 -0.030431 -0.1034 -0.068204 0.14428 0.078567 -0.13859 -0.021776 -0.017258 -0.25954 0.046134 0.093965 0.0098707 0.029915 -0.019602 -0.0040112 0.15784
-0.034117 -0.13581 -0.016796 0.2123 0.063132 0.026386 -0.12429 0.058403 -0.014562 0.078827 -0.10063 0.051646 0.14603 0.010005 -0.11493 -0.016274 0.015345 -0.12732 0.13386 0.16324 -0.02427 0.091051 -0.054561 0.009961 0.22434
-0.16639 -0.077025 0.0086156 0.14448 -0.1468 -0.018971 0.0081398 0.0019798 -0.051572 0.014067 -0.081823 0.056177 0.1233 0.013113 -0.093921 -0.054938 0.1134 0.0016787 -0.13222 0.084785 0.014205 0.16477 -0.049358 -0.020711 0.095522
0.012288 0.010849 0.11951 0.14681 -0.0027101 -0.042766 0.14048 0.035179 -0.051476 -0.011808 -0.059758 0.0073554 0.065967 0.026023 0.039041 0.0052285 0.089643 0.13601 0.023218 0.12558 -0.021482 0.10057 0.091805 0.00015451 0.173
-0.060149 -0.00040249 0.1211 0.11416 0.021003 -0.068467 0.31191 0.011486 -0.07758 -0.085091 -0.11126 -0.004194 0.062491 -0.018075 0.16505 0.0086765 0.057269 0.29051 0.003843 0.23212 0.035646 0.19379 -0.026605 0.0034839 0.075156
0.019741 -0.14284 0.11326 0.015446 0.00074956 0.028022 -0.18302 0.061179 -0.010493 -0.058044 0.065838 0.011025 -0.036547 0.075768 -0.044975 -0.019496 -0.017099 -0.19794 -0.038101 0.16403 0.078515 0.033529 -0.030722 -0.007328 0.243
0.0034745 -0.050419 0.039233 -0.036488 0.0027997 0.027088 -0.091141 0.099436 -0.011011 0.111 -0.11479 0.058358 0.097504 0.051272 -0.036508 -0.046019 -0.022905 -0.1404 0.027454 0.18007 -0.032468 0.043919 0.029093 0.035094 0.11449
-0.031549 -0.080279 0.040884 0.13921 0.049548 0.0094514 -0.017027 0.088109 -0.034526 -0.040377 -0.069217 0.069116 0.071098 -0.0023865 -0.034251 -0.047559 0.19268 -0.011177 0.046056 0.18746 0.012278 0.11298 0.0036441 0.027792 0.24404
-0.026349 -0.041322 0.10732 0.07647 0.094969 -0.012925 0.1586 0.048821 -0.017004 -0.0045788 0.024695 0.18006 0.0094132 0.033769 0.12281 -0.016467 0.046134 0.12084 -0.045672 0.2194 0.016736 0.10337 0.014787 -0.0014845 0.13134
0.004715 0.011401 0.12979 0.097819 -0.0462 -0.09441 0.24038 -0.0044185 -0.043859 0.042778 -0.034835 0.12049 -0.023785 0.019306 0.12205 0.22445 0.17208 0.20846 -0.034731 0.24827 0.0073313 0.16583 -0.034411 -0.013344 0.045441
0.073865 -0.13205 0.095421 -0.19964 -0.0023256 0.051644 -0.21136 0.10806 -0.054871 0.027307 -0.015462 -0.027971 -0.077485 0.052903 -0.065404 -0.010348 -0.11641 -0.20181 -0.031093 0.16229 -0.0020505 -0.049604 -0.038658 0.071443 0.36059
-0.075657 -0.047791 0.12573 -0.1397 -0.074647 0.052962 -0.14057 0.048913 -0.018608 0.017496 0.0033504 -0.026778 -0.0040646 0.055016 -0.015344 -0.15268 -0.041652 -0.15607 -0.086011 0.16355 -0.012941 0.062883 0.036468 0.061756 0.22505
-0.027607 -0.05343 0.10163 -0.1013 0.023163 -0.0024166 -0.043213 0.044022 0.001017 -0.031327 0.090981 0.11267 -0.065772 0.057424 0.0031656 0.029753 0.0018708 -0.10702 -0.018489 0.21092 0.014196 0.065282 0.023725 0.0066215 0.23866
-0.036639 -0.10555 0.03794 -0.020566 -0.03601 -0.012747 0.18822 0.028757 -0.026452 -6.8009e-05 0.15746 0.13354 -0.05339 -0.0055188 0.036221 0.028975 0.15932 0.11636 -0.026301 0.1697 0.016145 -0.021263 0.025821 0.023833 0.13751
0.022029 0.0037536 0.30331 -0.1397 0.18008 -0.048537 0.30695 0.011773 0.0029761 -0.013183 0.075656 0.067928 -0.032025 0.044218 0.18352 0.015904 0.082408 0.24416 -0.032516 0.068608 0.031223 -0.11256 0.010994 0.029535 0.11907
-0.18595 -0.13447 0.10017 -0.14341 -0.23529 0.1548 -0.25921 -0.73902 0.10601 -0.062047 0.14665 -0.11713 -0.17913 0.084006 -0.12163 0.12895 -0.067336 -0.25343 0.010718 0.10507 -0.041407 -0.0714 0.14349 -0.041747 0.23222
0.086163 -0.17702 0.062314 -0.06889 0.072054 0.053811 -0.16321 0.1184 -0.0074352 -0.03299 0.15383 -0.011252 -0.14944 0.065927 -0.035718 -0.084274 -0.025217 -0.13358 0.092341 0.19683 0.027586 -0.091547 0.068591 0.047159 0.17418
-0.047291 -0.076662 0.13403 -0.22539 -0.068259 0.0015003 -0.033048 0.051757 -0.027082 -0.042342 0.1485 0.012465 -0.13362 0.051733 0.040005 -0.027762 0.075554 -0.0097975 -0.15123 0.15202 0.00066156 -0.044507 0.0027339 0.060486 0.16113
0.02393 -0.019775 0.15727 -0.11095 0.097578 -0.013311 0.15157 0.010178 0.069644 0.048291 0.29379 0.093053 -0.12948 0.039096 0.11968 -0.01192 0.060026 0.15551 -0.093722 -0.0066464 0.1316 -0.19242 -0.0479 0.026015 0.087232
-0.0094892 -0.083206 0.13451 -0.11438 -7.9987e-05 -0.043004 0.17793 0.022573 -0.11103 -0.019279 0.32175 -0.21371 -0.20722 -0.00036195 0.12685 0.01446 -0.069358 0.15373 0.021846 -0.035897 0.018748 -0.33123 -0.02758 0.054199 0.14226
