-0.12107 0.12112 0.21971 -0.015114 -0.48194 0.14903
0.05421 0.175 0.13235 0.071279 0.14312 -0.50764
-0.056391 0.30634 -0.23748 0.049378 0.14754 -0.54095
-0.029762 -0.17236 -0.1328 0.33923 -0.00060053 -0.83763
0.072297 -0.24669 -0.031466 -0.070495 0.056246 0.040054
0.027078 -0.42188 -0.10462 0.19592 0.63832 0.015574
-0.068583 -0.11544 -0.031236 0.086617 0.98815 -0.60649
-0.1472 -0.17732 0.015961 0.19955 0.49005 -0.023684
0.035754 -0.030665 0.3003 0.19633 0.25058 -0.026556
-0.11355 -0.095504 -0.10834 -0.16417 0.047086 0.041762
0.0013916 0.030203 -0.0073458 -0.18718 0.16554 0.65165
0.073767 0.24878 -0.056457 -0.021987 -0.27744 -0.39553
0.12179 -0.2122 -0.2465 0.77027 -0.044334 1.1565
-0.1737 0.50711 -0.4699 0.04959 -0.21686 -0.029843
-0.047763 0.31368 -0.01367 0.04273 0.28932 0.58016
-0.059392 -0.27137 -0.1791 0.11865 0.42941 -0.039205
0.068134 0.045117 0.072718 -0.19166 0.0016533 0.8305
-0.1216 -0.1676 0.059611 0.09408 0.95612 0.46594
-0.07934 0.28138 -0.029827 -0.059958 -0.0026819 0.20937
0.11272 -0.1198 -0.13965 -0.066188 -0.0249 -0.61877
0.045394 -0.05664 -0.41051 -0.13502 0.1056 -0.022148
-0.049123 -0.070971 -0.056365 -0.089551 0.022297 0.601
0.036683 -0.22859 -0.23321 -0.00011513 0.14686 -0.12093
-0.030163 0.15001 -0.51214 -0.10788 -0.14138 -0.24586
-0.045715 0.0045319 -0.07748 -0.039291 0.019258 0.55315
