0.84878
-1.1847
-1.0337
-0.74503
0.87793
1.7726
-0.92971
0.83041
0.47772
0.55271
0.39447
-1.4321
0.44181
-1.328
-1.8048
-1.0764
-1.6847
-0.93567
2.6651
-0.86305
-1.2313
1.3373
0.40515
1.3558
-1.3584
2.3977
0.95343
1.7612
-0.6885
-1.7449
-1.3594
-0.97553
2.0329
1.096
-1.3265
1.3989
-0.86429
1.7542
-0.32131
1.9353
2.1266
-1.2597
-0.91212
5.8928
-0.34666
0.82019
0.8447
-2.087
-1.7019
-1.9085
-1.1569
-1.2305
0.79535
1.2747
-0.75643
-0.55555
1.9584
1.1269
0.63186
1.0273
1.6324
-1.1026
0.44544
-0.73071
0.80214
-0.7814
-0.90293
2.0274
1.47
1.2138
1.1236
-0.90577
