0.095006 0.58483 0.28924 -0.053171 -0.07637 -0.23286 -0.10413 -0.12685 -0.15138 0.14352 0.23173 -0.067279 -0.069499 -0.12761 -0.04488 -0.19515 0.34757 0.078313 0.10376 0.10344 -0.0027258 -0.17714 -0.24834 0.064548 0.022789
0.028163 0.43643 0.23168 0.024182 0.0063657 0.16972 -0.13165 0.021498 0.1483 0.15901 0.097034 -0.042045 0.0061769 0.078707 -0.015902 -0.22603 0.055639 -0.18823 0.1598 -0.094331 -0.011778 -0.012772 -0.070395 0.1644 -0.097565
-0.094158 -0.27913 0.45286 0.070386 0.030957 -0.050745 -0.211 0.0094778 -0.036543 0.18122 -0.12039 -0.0015495 0.030875 0.00095344 -0.13878 0.089599 -0.05547 0.045654 -0.09343 -0.077966 0.059152 0.077817 -0.046991 0.057172 -0.22274
-0.017504 -0.28274 0.59985 0.19547 -0.085894 -0.072369 -0.10773 0.034744 0.065183 0.030788 0.087091 -0.088838 -0.20117 -0.089921 -0.41848 -0.10984 -0.0821 -0.038785 0.050791 -0.10358 -0.0021701 -0.15823 0.1061 0.24097 0.10217
0.14425 -0.19505 0.35715 0.19166 -0.072198 -0.11256 -0.027306 0.056022 0.077876 0.069808 0.18397 -0.16929 -0.010965 -0.11429 -0.060229 -0.24593 0.14478 -0.36583 0.32696 -0.046225 -0.058538 -0.17888 -0.37305 0.35816 -0.29217
-0.0066759 0.89418 0.18721 0.15079 -0.023202 0.36912 -0.055314 0.092341 -0.13634 -0.15327 0.44206 -0.091448 -0.022245 -0.28883 -0.64263 -0.21301 0.34853 -0.015804 0.44035 0.038207 -0.17861 -0.36015 -0.048479 -0.073881 -0.43356
0.0091665 0.32311 0.11527 0.31766 -0.046878 0.23828 -0.21791 0.0055856 0.065227 -0.014719 0.21864 -0.0081936 0.0098173 -0.094467 -0.17735 -0.42359 0.12561 -0.09998 0.32826 -0.11114 0.2362 -0.16089 0.16484 -0.52637 0.058384
-0.057836 -0.018311 0.32951 -0.0087018 -0.011451 -0.021352 -0.0045026 0.050143 0.056235 0.24748 0.11543 0.1036 0.03673 0.075253 -0.15145 -0.052286 0.068385 0.10252 0.19505 -0.02451 -0.093889 0.052447 -0.011972 -0.15149 0.049422
-0.062718 -0.5724 0.13158 -0.13915 -0.098891 -0.35032 -0.21044 -0.19105 0.069266 0.053579 0.10515 -0.017546 -0.060297 -0.02265 -0.078141 0.095145 0.19044 0.031631 -0.14304 -0.029498 -0.13871 -0.13352 0.060381 0.11359 -0.085694
0.10131 -0.04665 0.19078 0.13615 -0.070885 0.029658 0.17463 0.071641 0.25366 0.14124 0.16377 -0.065572 -0.10138 -0.20725 -0.88722 -0.060111 0.0084684 -0.055647 0.14807 0.070812 -0.15074 -0.39742 -0.057668 0.59346 -0.66471
0.21908 0.40152 -0.30862 -0.20089 0.065755 0.28797 -0.08998 -0.14298 0.1551 0.039346 0.21564 -0.19868 -0.017806 -0.27285 -0.25664 -0.23496 0.28914 0.29829 0.071705 0.038648 -0.1191 -0.29155 0.19537 -0.074154 -0.39146
0.11702 0.37945 -0.065021 0.071275 0.054898 0.25195 -0.30804 0.096379 0.23353 0.12882 0.35191 -0.0766 0.11167 -0.25271 -0.29697 -0.18241 0.26928 -0.019669 0.16805 -0.020254 0.055546 -0.26454 0.12059 -0.4149 -0.18187
0.0076808 -0.22436 0.15169 0.14477 0.015459 -0.074454 -0.58973 -0.080796 -0.021679 0.18478 -0.12313 0.0074784 0.060598 0.33019 0.26437 -0.16999 0.081412 -0.11838 0.035164 -0.092102 0.078166 -0.12686 0.094457 -0.26801 -0.01315
-0.17779 -0.6186 -0.099583 0.015065 0.064759 0.27821 0.039334 -0.027859 -0.064161 0.0064992 0.017048 -0.1041 -0.10134 -0.0358 0.40726 0.58014 0.18303 -0.0098684 0.26462 -0.09811 -0.04727 -0.10935 0.2179 0.21449 -0.039524
-0.09762 -0.24693 0.11193 -0.093641 0.0078638 -0.14928 0.3159 0.089518 -0.038785 0.099601 0.13073 -0.095023 -0.032655 -0.077952 0.52111 0.055336 -0.12992 -0.022021 0.10588 0.13531 0.063076 -0.042009 0.0085364 0.31477 -0.075017
-0.10915 0.58555 -0.34078 -0.050189 0.062138 0.41975 -0.14503 0.20663 0.070454 0.051833 0.51339 -0.11823 -0.041847 -0.20192 -0.4878 -0.25182 0.20029 0.14615 0.2848 -0.042784 -0.041809 -0.24447 -0.068068 -0.77003 -0.16759
0.13479 0.17313 -0.25658 -0.058407 0.04514 0.18372 -0.55297 -0.12821 0.16229 0.13041 0.21722 -0.10009 0.28436 -0.14506 -0.34942 -0.19572 0.15212 -0.079121 0.024403 -0.19425 0.01448 -0.039426 -0.10547 -0.35287 -0.44115
-0.04926 -0.060648 -0.29675 0.51278 0.066296 0.02186 -0.13015 -0.081189 0.071962 0.17253 0.2132 -0.18596 -0.02861 0.24586 -0.20934 0.16074 -0.17161 0.19114 0.36849 -0.079605 0.093413 0.06572 0.23516 -0.23471 -0.10134
-0.10548 0.076589 -0.37416 0.28147 -0.028445 -0.072463 -0.028892 0.095503 0.11532 -0.0046973 0.22995 0.069035 -0.16384 -0.01558 0.23182 0.159 0.25036 -0.061875 0.3192 -0.0070011 0.1046 -0.12571 0.056223 0.51584 -0.36399
-0.15544 0.03134 -0.076918 0.14782 0.012918 0.08032 0.46119 0.12536 0.072927 0.037432 0.13735 -0.021102 -0.079613 -0.16256 0.2389 -0.24627 -0.30278 -0.14 0.29195 0.16983 0.02169 -0.16747 0.24653 0.5028 -0.15298
0.17803 0.085929 -0.31447 0.14156 -0.036884 0.0020375 -0.31662 -0.16212 0.059082 0.015088 -0.010591 0.11215 -0.054748 -0.11215 -0.12173 0.18739 0.053506 0.088111 0.088871 -0.19743 -0.072625 -0.018646 -0.15358 -0.18351 -0.098926
0.21175 -0.29733 -0.019438 0.72465 0.080489 0.30178 -0.37145 -0.13308 -0.13771 -0.15335 -2.5025 -0.22583 -0.029616 0.25629 0.060471 -0.43536 0.071755 0.1621 0.021861 0.00754 0.018067 -0.15383 0.061373 -0.18844 0.29568
0.021616 0.012256 -0.32498 0.30355 -0.016063 0.051707 -0.2693 -0.10761 0.2664 0.12981 0.20134 -0.11505 0.021679 -0.0052089 -0.22692 0.30019 0.14724 -0.031921 0.35658 -0.2213 -0.069567 -0.14007 0.032457 -0.024829 -0.5127
-0.15697 -0.31055 -0.32567 0.30996 -0.0017823 0.32759 0.00048214 -0.052639 0.0983 0.075407 0.14856 -0.010365 -0.091551 -0.21681 0.066159 -0.010397 -0.030251 -0.040184 0.17494 -0.10677 -0.033378 -0.35798 0.42698 0.24217 -0.16097
-0.08486 -0.27515 -0.22146 0.083157 0.00041994 -0.16884 -0.037857 0.16833 0.18675 0.0073823 0.1595 -0.14201 -0.0089383 -0.063716 0.44854 0.22562 0.23638 -0.01446 -0.0095658 0.0070011 0.048885 -0.25341 0.39757 -0.11784 0.21887
-0.24231 0.068134 -0.38526 0.25531 -0.0069129 0.25804 0.19694 -0.32505 0.0065226 0.14754 0.018959 0.054461 -0.045853 0.12763 -0.0062156 -0.048728 0.006093 -0.10659 -0.0095089 0.2649 -0.27011 -0.13575 -0.49426 -0.17338 -0.097619
-0.29458 0.12351 0.074042 -0.010223 -0.034782 0.11232 0.23174 -0.2522 0.053946 -0.15788 0.02758 0.0034282 -0.25126 -0.13946 0.082076 0.10308 0.0095426 -0.14234 0.075861 0.27225 0.020285 -0.13534 0.098135 -0.074277 0.13793
-0.23255 0.096224 0.41462 0.031703 -0.18049 0.047469 0.13348 -0.65662 0.082257 -0.0072031 -0.12243 -0.072545 -0.26427 0.098488 0.094933 0.24133 0.054279 -0.18837 0.16289 0.38051 -0.0013389 0.01331 0.25991 0.1056 0.23894
0.19602 0.10385 0.41862 -0.049209 0.17548 0.058853 -0.077252 -0.076595 0.11817 -0.02929 0.076742 0.0029875 -0.12478 0.10613 0.12412 0.15368 0.086089 -0.018862 0.14707 0.17726 -0.22166 0.14494 0.35444 -0.10384 -0.055721
-0.096898 0.22085 0.27489 -0.054831 0.054453 0.03973 0.099503 -0.29684 -0.024811 -0.11554 -0.12033 0.055225 0.067222 0.017981 0.27526 0.39294 -0.033762 -0.084389 -0.0021062 0.25673 0.19344 -0.10668 -0.00071998 0.20837 0.11916
-0.39108 -0.016645 -0.12693 0.11296 -0.11024 -0.014194 0.22575 0.049101 -0.058252 -0.14653 0.073956 -0.10773 -0.32887 0.19837 0.070586 0.022566 -0.024479 -0.091805 0.31965 0.14791 -0.41311 -0.020898 -0.31082 -0.46879 0.14858
-0.31526 0.13355 -0.0063588 0.27685 0.040327 0.20743 -0.028899 -0.18412 0.0078388 -0.050226 0.052223 -0.075063 0.031607 0.27264 -0.14429 0.26358 -0.11164 -0.083431 0.11716 -0.032237 -0.15032 -0.05459 -0.20294 -0.13798 -0.06279
0.041051 -0.21875 0.072979 0.11202 0.087552 0.026479 -0.14808 -0.61559 0.073547 0.19724 -0.06667 0.023569 -0.078747 -0.0047407 -0.19577 0.04946 -0.013576 -0.15727 0.079366 -0.20476 -0.1737 0.15696 -0.3312 -0.14849 -0.046601
0.5933 -0.069197 -0.074476 -0.1714 0.23392 0.22148 0.1456 -0.37704 0.098622 0.22211 -0.21339 0.089219 0.145 -0.054626 -0.070313 0.072407 -0.068822 -0.16011 0.00091872 -0.0079913 0.16942 0.030653 -0.018316 0.37796 -0.17429
0.15675 0.17755 0.21652 0.03548 0.079683 0.092915 0.020695 -0.059338 0.041107 -0.11805 -0.097744 0.098166 -0.16383 0.047896 0.11869 0.4003 -0.059198 -0.11999 0.37997 0.06168 0.1803 -0.0051716 0.076964 0.28187 -0.054157
-0.46646 -0.045483 -0.2142 0.19775 -0.206 0.20524 0.37922 0.056833 -0.039313 -0.14618 -0.00098544 0.066977 -0.44418 -0.016131 0.093531 0.068036 0.059237 -0.094647 0.16177 0.213 -0.24826 -0.21523 -0.24143 -0.28479 0.11571
-0.13037 0.025396 0.062466 0.046842 -0.089956 0.21132 -0.14174 0.01245 -0.062043 -0.11815 -0.0056967 0.076075 -0.25364 -0.052435 -0.16694 0.10756 -0.14078 0.078403 0.22863 0.11674 -0.34248 -0.12434 -0.43869 -0.16819 0.027751
0.16311 -0.15725 0.099774 -0.23921 -0.049334 0.18819 -0.25734 -0.26226 0.065634 0.083657 -0.0046519 0.091452 -0.10849 -0.027567 0.02987 0.33496 0.059869 0.11025 0.1019 -0.15132 -0.01234 -0.032279 -0.0092989 0.060346 -0.10045
1.0199 -0.15475 -0.20221 -0.27046 -0.1302 0.1664 -0.11626 -0.093789 0.059133 0.15942 -0.0063118 0.060689 -0.041393 0.058196 -0.19673 0.31517 -0.10039 -0.042125 -0.20542 -0.10083 -0.26013 -0.22113 0.13007 -0.041924 -0.077764
0.15026 0.074534 -0.041844 0.051701 -0.064157 0.19891 0.085707 0.23875 -0.0018705 -0.193 0.011693 0.035202 -0.13019 0.039014 -0.26116 0.37561 -0.041854 -0.037532 0.22815 0.24455 0.49071 -0.11839 0.026239 -0.072809 -0.034341
-0.31613 -0.022854 -0.18628 0.094361 -0.12695 0.18064 0.093194 0.35713 -0.094849 -0.13493 0.08065 -0.12114 -0.089581 0.25241 -0.18781 -0.046439 0.032001 -0.37742 0.28079 0.26101 -0.39709 -0.13501 -0.18164 0.1223 0.25663
-0.12647 -0.0054476 -0.024785 0.16779 -0.097821 0.1453 -0.029198 0.57331 -0.12911 -0.23177 0.027613 0.0046459 -0.35651 0.12714 -0.37382 0.19791 0.02923 0.18373 0.15441 0.1932 -0.22407 -0.04155 -0.020795 -0.040011 0.095123
-0.099812 -0.24947 -0.095319 0.034939 -0.074997 0.10361 0.17326 -0.19019 -0.048548 -0.028904 0.065726 0.011655 -0.11641 0.23526 -0.42468 -0.46501 -0.072527 0.058305 0.31371 0.47435 0.24073 -0.27194 0.011429 -0.042397 -0.065157
0.5073 0.17089 -0.049489 0.079471 -0.10559 0.26166 -0.12626 0.22512 0.1179 -0.23272 0.0053509 0.038167 -0.1292 0.022013 0.040537 -0.035681 0.097756 0.00056847 0.33311 0.35504 0.14036 -0.09394 -0.1777 -0.098015 -0.14364
0.20277 0.012209 -0.0935 0.08065 -0.10548 0.13257 0.016321 0.02175 0.071615 -0.064372 0.041887 0.048105 -0.085117 0.058706 0.19037 0.078759 0.099125 0.06445 0.061068 0.070373 0.62829 -0.030559 0.25547 -0.031009 -0.0035046
-0.058885 -0.049793 -0.14944 0.10949 -0.13293 0.43736 -0.072883 0.40751 -0.11592 -0.13378 -0.037408 0.16946 0.2485 -0.0084158 -0.29397 0.010321 0.095299 -0.23469 0.36473 -0.085573 -0.55898 -0.0065134 -0.37756 0.44025 -0.10681
-0.60062 0.13504 -0.22441 -0.10359 -0.069806 0.3221 -0.15742 0.68379 -0.035996 -0.17845 0.15977 -0.021876 0.15601 -0.017903 -0.107 -0.017299 0.37084 -0.33619 0.25797 0.062256 0.20347 0.23721 -0.10497 0.49284 0.26573
-0.024785 -0.013735 -0.025052 0.15278 -0.067621 0.075407 0.37377 0.47389 -0.11072 -0.17248 -0.010703 0.14071 0.070472 -0.069146 -0.013152 -0.060357 0.0012695 0.082151 0.30249 0.1804 0.27257 -0.20875 -0.083723 0.044345 -0.23219
0.11836 0.070051 0.14474 0.12293 -0.079225 0.34518 0.18946 0.19732 0.033523 -0.13902 -0.087466 -0.054723 -0.23968 0.084842 0.15519 -0.090539 0.11238 -0.12332 0.203 0.2885 0.45476 -0.1186 0.057768 -0.046369 0.12797
-0.17906 -0.16623 0.14587 0.03442 0.0086307 0.13604 -0.16644 -0.06859 -0.08468 0.035709 -0.10287 0.10304 0.072685 -0.014182 0.23291 0.19531 -0.12281 -0.11868 0.067112 -0.13501 0.68011 -0.15738 0.025755 -0.27028 0.024819
