0.052786 -0.015426 -0.079179 -0.053614 0.67047 0.013201
-0.05182 -0.33116 -0.24156 0.70868 -0.055724 0.020528
0.16832 -0.035708 -0.00049013 -0.088605 0.72497 -0.02442
0.044014 0.42487 -0.12577 -0.80348 0.43132 0.13192
0.052504 -0.24331 -0.218 1.5893 0.53314 -0.059732
0.096888 0.01468 -0.049993 -0.90745 0.11242 0.028108
-0.053171 0.027758 -0.28297 -0.65553 -0.35578 -0.084847
-0.13925 0.21715 0.3306 -0.68445 -0.23995 -0.03924
-0.11461 0.25875 0.57852 -0.6818 -1.1642 0.12537
0.0011076 0.017397 0.68963 -0.22926 -0.47855 -0.17783
-0.10937 0.24354 0.07342 -0.4063 0.84503 0.029897
-0.044504 0.82133 0.093767 0.37605 -0.31807 0.15279
-0.24462 0.27229 0.94389 -0.90807 -0.37055 0.23867
-0.095525 0.51922 0.1841 0.039376 0.011013 -0.17219
0.05332 0.27118 -0.11101 -0.6484 0.005264 -0.071116
0.10812 0.10328 -0.32335 0.57053 -0.10782 -0.038115
0.010717 -0.70472 -0.36097 0.65882 0.23299 0.29523
-0.019973 0.12084 0.54727 -0.70163 0.092925 -0.24926
-0.049621 -0.22174 -0.24564 -0.57962 0.010243 -0.043288
0.10916 -0.013863 -0.98252 0.14495 -0.022381 0.0090005
-0.001168 0.087671 0.071445 -0.12161 0.65533 -0.020207
0.084038 0.66313 0.12192 0.47603 0.25674 0.29753
0.0048699 -0.16125 -0.091177 0.57618 -0.13515 0.10426
-0.03525 0.19208 0.25579 -0.54178 0.26357 -0.010246
-0.058274 0.81063 0.18798 -0.15469 -0.10467 0.3169
