0.085577
0.27167
0.34134
-0.58064
-0.49328
-0.35167
-0.35538
-0.44574
-1.9764
-0.54328
-1.3836
1.188
0.99709
-0.51551
-0.21826
-0.33038
-0.23825
1.7497
0.12878
0.50401
1.4562
1.2936
-0.57004
-1.2843
0.38623
-0.18908
0.49113
-2.7716
-0.16701
2.0693
0.86956
-0.34674
-0.84998
1.7031
-0.37294
0.54275
0.49289
1.4342
-0.25662
1.5992
-0.3442
-0.65555
-0.38872
-0.71155
-1.6529
-1.9028
-0.14631
-0.2706
1.068
2.9904
1.1913
0.19413
0.63897
-0.068662
1.6388
0.54541
-0.2032
0.91227
-0.46028
-0.49012
0.32056
-1.3936
-0.026697
1.1073
-0.49702
0.35024
-0.39713
0.22363
-1.0792
0.12676
-0.70091
0.9897
