0.0029423 -0.0028525 0.007401 -0.0027959 0.00074038 -0.12159
-0.0033231 0.052541 -0.001579 -0.020431 0.015495 -0.41213
0.017904 0.0057691 0.019047 -0.0090723 -0.0041249 0.048167
0.023383 0.029475 -0.0032644 0.0047684 0.007969 0.064155
-0.069723 0.026782 0.017836 -0.0088925 -0.026498 -0.030819
0.044596 -0.016561 0.012993 -0.020036 -0.0067694 -0.15432
-0.079574 0.023626 -0.0056876 -0.0076952 0.020109 0.092375
-0.0092012 -0.0041658 -0.0011616 0.026089 -0.0013714 -0.19875
0.055107 -0.0027448 0.014578 -0.010836 -0.031462 -0.47852
-0.038506 -0.019339 -0.03663 0.01788 0.023263 0.48732
0.065842 0.0041644 -0.021402 0.0099576 0.0055688 0.23365
-0.054374 -0.0014906 -0.0031432 0.015608 0.0031425 0.057042
-0.079354 -0.0084141 0.012472 -0.008006 0.0038604 0.0045647
-0.020418 0.014635 -0.020876 0.026579 -0.0053437 0.0096578
-0.10097 0.00051784 0.0065788 0.00072953 -0.001237 0.008201
-0.10045 0.0078984 0.019379 -0.016493 0.027073 -0.085013
-0.046905 0.017552 -0.034099 0.0068743 -0.0013876 -0.14143
0.22719 -0.015615 -0.054528 0.020937 -1.3592e-07 0.32362
0.0013611 -4.406e-05 0.0042946 0.01205 -0.011186 -0.0033477
-0.056444 -0.03439 -0.068228 0.032845 -0.0088901 0.38174
-0.038978 0.011386 0.013377 -0.01861 0.0057832 -0.073611
-0.092009 -0.029882 0.00010792 0.004415 -0.010576 0.056669
0.059966 -0.01073 0.043007 0.0087663 -0.016168 0.056773
-0.092265 -0.043961 -0.0065216 0.01743 0.0051583 0.078821
0.13775 0.020967 0.00060382 0.011439 -0.030534 0.28349
0.31906 0.070319 -0.0039739 -0.0081826 0.014501 0.5949
0.11278 0.0076369 -0.019032 0.0053093 0.0093211 -0.050541
0.052154 -0.0054377 0.040204 0.0043251 0.0088025 -0.020173
-0.057793 0.020236 -0.02373 0.0014285 -0.027489 0.1452
-0.041693 -0.026874 -0.00064367 0.012571 -0.0091011 0.044919
-0.12125 0.0090107 -0.0070319 0.017098 -0.0085447 0.31583
0.2336 0.0065525 -0.00055913 -0.00048908 0.03337 -0.1689
0.11848 -0.01594 0.020177 -0.0080632 -0.022795 -0.18618
-0.024505 0.049299 0.022684 -0.0040997 0.022465 -0.32946
-0.036972 -0.016663 -0.031827 -0.019143 0.0017919 0.37285
0.28259 0.050942 -0.004096 -0.0028774 0.041201 -0.53591
0.03749 -0.01266 -0.04043 0.015555 0.0035514 -0.11429
-0.012784 -0.0067834 -0.014034 -0.011872 -0.048589 -0.27214
0.1662 -0.011328 0.0097184 0.0083451 -0.0054758 0.077651
-0.019881 0.00099119 -0.031211 -0.0091604 0.0059179 0.11947
0.13281 0.0084047 -0.018384 0.010156 0.0042916 -0.17183
-0.050875 -0.0017571 -0.0043917 -0.021292 0.016574 -0.073171
0.045279 0.0054479 0.017652 0.0027122 -0.027114 -0.26343
-0.016423 -0.008337 -0.022825 -0.0090756 -0.0094412 0.23447
0.089979 -0.012721 -0.031271 0.0094137 0.016309 -0.081898
-0.025498 -0.023404 -0.05006 -0.019507 0.0097836 -0.29832
0.089827 -0.029559 0.031311 0.020955 0.040742 -0.35251
-0.017148 -0.011753 -0.018171 0.013294 0.0477 -0.30079
0.17917 -0.0068271 -0.010344 -0.0079513 -0.001993 0.0072604
0.1532 -0.010585 0.025467 0.011664 -0.006826 -0.2297
0.036036 0.0015629 -0.016786 -0.00088027 -0.0059397 0.076959
0.045965 0.0094975 -0.035184 0.015498 0.013754 0.28419
-0.093338 -0.021379 -0.044385 0.026813 0.0098459 -0.21008
-0.078023 0.02044 0.00089961 -0.01993 -0.029714 0.063845
0.051271 -0.010194 0.0044757 -0.0027854 0.001303 -0.10945
-0.097753 0.034079 0.022621 -0.027042 0.0095829 0.093651
0.059 -0.0093396 -0.011781 -0.0064842 0.0098347 0.21823
0.24427 0.0036219 -0.0042388 0.010122 -0.0072421 -0.057845
-0.16038 0.021424 0.054079 -0.017023 -0.0097547 -0.0586
-0.045664 -0.035362 0.032824 -0.0049509 0.0091216 0.073965
-0.040457 0.018208 -0.010968 0.053224 -0.024028 -0.67336
-0.024274 -0.0039838 0.00012612 -0.020516 0.021891 -0.45079
0.08525 -0.011778 -0.0055772 0.00094925 -0.0063452 0.14532
0.060645 0.039165 0.027595 -0.017633 5.7242e-05 -0.00045009
-0.059941 9.787e-05 0.010309 0.017953 0.0089112 0.061242
-0.11227 -0.0017115 -0.010432 0.0077743 0.024882 -0.054694
-0.13615 0.0073367 0.04203 -0.017363 0.016968 -0.30986
0.043109 0.0034767 0.0014599 0.0022328 0.0040746 -0.13109
-0.097539 -0.0024806 0.0016355 -0.022132 -0.015497 -0.087626
0.034351 -0.0023217 -0.025375 -0.0063575 -0.019703 -0.32359
-0.083633 0.009125 -0.0088062 0.024396 -0.0055827 -0.27215
0.08867 -0.029838 0.0085352 0.0081351 0.012606 0.12126
-0.027163 0.0042619 -0.010296 -0.020179 -0.0021797 0.29865
0.015073 -0.019602 -0.024264 -0.0057648 -0.012208 0.25503
-0.076847 0.018322 -0.02201 -0.0053493 -0.0080509 0.0020627
0.094687 0.036378 1.8782e-05 -0.009159 -0.0062505 -0.1383
0.15455 0.0021001 0.00865 -0.033877 0.00186 -0.17915
0.024264 -0.0013361 0.0078336 -0.0015878 0.0046953 -0.067879
-0.047708 0.0020442 -0.0042498 0.0068035 -0.0041677 0.14905
-0.047965 0.00027457 0.014148 -0.017828 0.044535 0.45561
-0.14331 -0.020304 -0.011703 0.014537 0.01315 -0.045034
0.051976 -0.032524 -0.0010332 0.015054 -0.0050664 0.086134
0.14929 -0.0031276 0.0050953 -0.00035402 0.027662 -0.19408
-0.17693 0.022435 0.047263 -0.027309 -0.0033966 0.122
0.175 -0.0046865 -0.010527 -0.02522 -0.0070803 -0.27317
0.085116 -0.029604 0.0096403 0.023824 0.0032808 -0.095218
-0.010663 0.0055558 0.0049256 -0.014719 -0.0098773 0.25387
0.075669 0.009898 -0.0048984 -0.0095981 0.019602 -0.33762
0.096656 0.0037413 0.013869 0.01246 -0.0074842 0.27237
0.018074 0.01699 -5.2162e-05 -0.024192 -0.0045792 -0.29842
0.056427 0.014326 0.056649 -0.0010196 0.0014096 0.51438
0.073836 0.044387 0.023381 -0.028114 -0.0057377 0.017059
-0.087324 -0.013571 -0.0028798 -0.0081309 0.0015404 -0.040711
0.12965 0.017633 -0.012359 -0.0004785 -0.014988 -0.17229
-0.10368 -0.0096977 0.014032 0.025864 0.0052807 -0.29494
0.19408 0.008205 -0.015047 0.019958 -0.0090933 0.29552
0.13326 0.069919 0.040673 -0.031014 0.022717 0.64619
-0.03588 0.026819 0.00054386 0.021993 0.0010555 -0.06957
0.014119 0.0086845 -0.0071937 -0.0015464 0.015971 0.24045
-0.020649 0.018031 -0.00085108 -0.0041346 0.0077809 0.20554
