0.10179 -0.019639 -0.12353 -0.23279 0.11507 -0.11435 -0.13726 -0.01095 -0.11843 -0.11775 -0.049601 0.22207 0.028353 0.031625 0.015612 0.19101 -0.010624 -0.09895 0.022939 0.056356 0.10971 -0.15324 -0.025826 -0.039002 0.058832 0.10081 -0.15105 -0.10458 0.0043995 -0.18928
-0.030277 -0.023971 0.028451 -0.16054 0.031091 -0.14274 0.074879 -0.20163 -0.15509 -0.042185 -0.0072954 -0.18767 -0.10016 0.0094387 0.023849 -0.14224 0.05009 0.086223 -0.0076816 -0.01618 0.035938 -0.15874 0.019472 -0.073875 -0.029696 0.03918 -0.14267 -0.19484 -0.046188 0.10625
-0.028926 -0.054535 -0.076783 -0.056906 0.067142 0.11194 0.16334 -0.069003 0.076878 -0.12706 -0.04274 0.051353 0.03306 0.044134 0.10812 -0.052463 0.12616 -0.14358 0.0039017 -0.18322 0.021345 -0.022807 -0.22523 -0.010481 -0.045637 0.0093951 -0.063509 -0.13028 0.0028182 0.10884
0.027002 -0.13298 -0.023444 -0.084527 0.0021187 -0.17167 0.027434 -0.039734 0.074716 -0.055154 0.13278 -0.048797 0.0021428 0.032118 -0.03663 0.11142 0.14048 -0.027776 -0.055346 -0.044343 0.00086717 0.12505 -0.08962 0.11105 0.0093254 -0.049654 -0.10483 -0.22075 0.090287 -0.018235
-0.092679 -0.11186 -0.22283 0.022577 0.018707 -0.10674 -0.04263 -0.10156 -0.12153 -0.25659 0.041866 0.061204 0.11952 0.038341 0.11946 -0.1119 -0.07041 0.055615 0.028733 0.11971 0.13919 -0.057758 -0.2422 0.024353 0.026627 0.017356 -0.22184 -0.041541 0.099662 -0.23456
0.010337 -0.1336 -0.016581 0.051328 -0.15022 0.093384 -0.10368 -0.050252 0.094956 -0.28556 0.093323 -0.15183 -0.056459 -0.10908 0.09966 0.13197 0.092593 0.134 0.19796 0.055574 0.10036 0.043808 -0.12775 0.021033 0.032633 -0.0075139 -0.070181 0.016337 0.24757 -0.04675
-0.078147 -0.094574 0.044503 -0.15031 -0.056974 -0.16833 -0.057933 -0.10229 0.087179 -0.16245 0.21082 -0.19116 0.10512 -0.14109 0.0055382 0.081552 -0.0037791 0.044813 0.12171 0.038446 -0.031492 0.065948 -0.038774 -0.11659 -0.073149 0.0037381 -0.034438 0.017097 0.12922 -0.039911
-0.41539 0.064483 -0.037651 0.03704 -0.10888 0.055431 0.066453 0.043464 0.19518 -0.20024 -0.0081549 0.00049286 0.06271 0.14361 0.20692 0.11976 -0.04498 -0.10559 -0.037501 -0.17527 0.25078 0.10111 -0.036956 -0.13942 -0.076918 0.065066 -0.122 -0.082136 0.0069091 0.093313
-0.06821 -0.076965 -0.15719 0.021355 -0.06213 0.081299 -0.0039079 0.041375 -0.084689 -0.13586 -0.080112 0.21518 0.19031 -0.21963 -0.1552 0.17665 -0.14124 0.16617 0.081277 -0.076525 -0.12292 0.063635 -0.19217 -0.0073664 -0.06761 -0.040613 -0.0065278 -0.032282 0.24993 -0.16724
-0.20557 -0.018545 -0.023167 -0.19007 0.2132 -0.12074 0.18551 -0.081692 -0.088504 -0.10499 0.054807 0.067259 0.0056184 -0.12387 0.17787 0.10279 -0.10022 0.016126 0.0071946 0.088739 -0.083589 0.046169 -0.21433 -0.18113 0.064387 0.10618 -0.23557 -0.049847 0.026934 -0.13104
-0.21884 0.053925 0.086993 -0.0078711 -0.23584 0.057473 -0.089145 0.062014 -0.15338 -0.32225 -0.00024287 0.063295 0.14959 0.15887 0.026741 -0.17343 0.085679 0.0099073 0.015695 0.041419 -0.037294 0.027033 0.11902 -0.27892 -0.095142 0.0015295 -0.087178 0.082214 -0.021379 0.092386
-0.10951 0.043983 0.10573 -0.074288 -0.27206 -0.19823 -0.27135 -0.028725 -0.18274 -0.37211 0.10496 -0.091441 -0.0088165 -0.077209 -0.099274 0.023928 -0.11158 0.024927 -0.2363 -0.025484 -0.0050413 -0.0061711 -0.15957 -0.28392 0.20584 -0.15223 -0.22352 -0.033829 -0.10228 0.060977
-0.17697 -0.10127 -0.019579 0.058967 0.081225 -0.067554 0.013629 0.16671 -0.073563 -0.17508 0.066413 0.060987 0.10141 -0.061044 0.0575 0.097902 -0.19796 -0.1526 -0.017917 0.04165 -0.11042 0.18787 0.010282 -0.0058029 0.031589 0.058486 -0.11123 -0.029577 0.243 -0.29959
-0.14155 -0.046924 -0.027892 -0.089393 0.00089496 0.028632 -0.10292 -0.084823 0.10123 -0.12168 0.065049 -0.042565 -0.11232 0.0034394 -0.08883 -0.27369 -0.078341 0.030756 -0.017696 0.014482 -0.094435 0.040828 -0.019579 0.094976 -0.083786 0.085385 -0.13966 0.013825 0.035441 -0.11999
-0.13524 -0.10901 -0.023601 0.11337 0.029365 -0.004396 0.052455 0.089966 -0.06913 0.041618 -0.012537 -0.064421 -0.034891 0.15875 0.25813 -0.052958 -0.27667 0.17057 0.026896 -0.12375 -0.12503 -0.047723 0.26572 -0.12556 -0.063827 -0.16213 -0.30695 0.024529 0.001993 0.10544
-0.2036 -0.067473 0.19212 -0.14096 -0.21472 0.061093 0.014354 0.16723 0.050778 -0.066034 0.19313 -0.08888 0.016973 0.00083573 0.084604 0.0044958 -0.14198 0.090628 -0.10389 -0.059353 -0.052986 -0.081031 0.082056 -0.19804 0.025761 -0.034847 -0.0082137 -0.35708 0.1401 0.16297
0.01138 -0.057169 -0.0052172 -0.062028 -0.14538 0.0098181 0.15306 0.041822 -0.19496 0.13922 0.038541 0.0074311 0.071 -0.10919 -0.1581 0.0087223 0.25606 -0.046364 0.16088 -0.23204 -0.013576 0.13678 -0.035697 -0.0098781 0.052224 0.079727 -0.24086 -0.19577 -0.10837 -0.3226
-0.065238 0.11768 0.032801 -0.069068 -0.046863 0.059208 -0.1828 -0.073269 0.12609 -0.072494 -0.084247 0.10591 -0.07142 -0.092452 -0.04034 0.14308 0.1037 -0.070641 0.085366 0.13674 -0.0036984 0.10779 -0.27682 -0.061986 -0.12425 -0.067901 -0.04421 -0.013175 0.04471 -0.095863
0.21945 -0.091196 0.00043652 -0.11485 0.032208 -0.12992 0.046698 0.072235 0.055422 0.027204 -0.0062206 0.23916 -0.033203 0.063434 0.035211 -0.026049 0.13714 -0.21304 0.11319 -0.14988 0.13468 -0.016981 -0.013126 0.036038 0.097452 0.01535 0.035534 0.081385 -0.0070477 0.10243
0.11426 -0.093388 0.020914 -0.068583 0.12855 -0.10555 0.068681 0.066112 -0.066794 -0.1003 0.070327 0.0326 -0.10271 -0.024253 -0.010891 -0.028592 0.21032 0.066817 -0.067116 -0.085055 0.12413 -0.016716 -0.12701 0.061371 -0.11292 -0.01403 -0.038471 -0.086023 -0.11755 -0.01473
0.083528 0.062947 0.094912 0.035259 -0.014215 0.1478 -0.12854 0.061929 -0.12977 -0.10639 0.2004 0.014733 0.27901 -0.068662 0.081151 -0.021225 -0.23796 -0.068273 0.071589 0.026166 -0.033906 -0.076804 -0.25455 -0.085325 -0.035508 -0.11875 -0.099313 0.010919 -0.081451 -0.23929
-0.028495 -0.082433 -0.0021464 -0.018572 -0.031991 0.067907 0.10774 -0.031248 0.045166 0.13306 -0.0071837 -0.11218 -0.067007 0.070184 -0.16562 -0.0094162 -0.066388 -0.099846 -0.037889 -0.10236 -0.057896 0.00048329 -0.19289 -0.078605 0.10557 -0.012707 0.091949 -0.16124 0.07402 -0.17548
0.091956 -0.10155 -0.032163 -0.08643 -0.070595 0.021344 0.22194 0.056117 0.041474 -0.02248 0.15309 0.090508 -0.0098667 0.017204 0.13054 -0.17367 -0.13022 0.054819 -0.052229 -0.0089373 0.046224 0.049912 -0.0747 0.15303 -0.047152 -0.1461 0.065995 -0.23806 0.14238 0.05838
0.18603 0.13107 -0.012707 -0.1097 -0.098828 -0.026249 0.019709 -0.060971 -0.0047241 -0.15494 0.045261 0.043259 -0.16164 0.015105 -0.13045 0.098284 0.24533 0.016527 -0.11973 -0.089445 0.18212 -0.0534 -0.1629 0.14043 -0.18407 -0.041963 0.0081966 -0.0026174 0.0012388 -0.012755
0.064257 0.048873 -0.078494 0.085789 -0.020796 0.14757 0.10568 0.077605 -0.065102 0.0034372 -0.030088 -0.06705 -0.096134 -0.084579 -0.081173 0.018943 -0.0039923 -0.0068076 0.01719 -0.0032879 0.058337 -0.054874 -0.31685 -0.22674 0.055228 0.011404 -0.1213 0.066305 -0.12143 -0.24658
0.17951 0.10111 -0.084794 0.079452 -0.069589 0.18926 0.020409 0.11285 -0.023849 0.1212 0.1619 0.10604 0.014857 0.063937 -0.04985 0.04362 0.078352 0.070015 -0.0016205 -0.018793 -0.023967 -0.10208 -0.094719 0.0095896 -0.21434 -0.0062966 -0.038347 -0.081698 0.11086 0.015717
0.14319 -0.068902 -0.09631 -0.059369 -0.053952 -0.12558 -0.15107 -0.030646 0.026736 0.050543 -0.021481 0.14916 -0.073133 0.0017624 0.27909 0.012122 0.068164 0.055461 -0.080046 0.12047 -0.13099 0.04399 -0.32647 -0.093426 0.10718 0.047717 -0.10812 -0.034585 0.015204 0.013272
0.079846 0.089147 0.17221 -0.13302 -0.31998 -0.011767 0.056794 -0.17433 -0.094343 0.026263 -0.039221 -0.054735 0.042687 -0.034751 -0.020809 -0.048326 0.024532 -0.11444 0.056714 -0.092076 -0.22509 -0.058471 -0.14015 -0.24722 -0.079904 -0.076089 0.16203 -0.057833 0.18339 0.15071
-0.011678 -0.099874 0.0056096 0.011041 -0.10504 0.15629 -0.048076 -0.03809 0.12965 0.02427 -0.21335 0.025223 0.12023 -0.015877 0.15696 0.031488 -0.038804 -0.13703 -0.055547 0.10087 0.017189 -0.17371 -0.035805 -0.089061 -0.075067 0.11757 -0.10458 0.019708 0.040147 -0.34336
0.065093 -0.029463 0.0034132 -0.086153 0.097903 0.081846 -0.032489 -0.02101 -0.057531 -0.019261 0.075176 0.16685 -0.029861 0.055157 -0.075445 0.21328 0.10215 -0.030963 -0.068311 -0.040185 -0.054957 0.027317 -0.1767 -0.081487 -0.10012 -0.0059335 -0.29846 0.019758 0.047188 0.11081
0.13578 -0.12411 0.12684 -0.07766 -0.1868 -0.22261 0.05008 -0.054573 0.021904 0.23665 0.059082 -0.022626 0.12404 0.035024 0.0028813 0.060952 0.024496 0.12186 0.071033 0.11336 -0.059355 0.077427 0.062393 -0.014887 0.17327 0.1405 0.076688 -0.1139 0.038644 0.07618
0.052461 -0.040621 0.061847 -0.013081 -0.096323 -0.071779 0.080151 -0.091283 0.043601 0.15834 -0.040705 0.049165 0.12428 0.086557 0.17072 0.016603 -0.011045 0.017335 0.048509 -0.035522 0.022421 -0.15805 -0.014729 -0.058521 -0.090773 -0.23288 0.060135 0.2705 0.029041 0.06221
0.011711 -0.039129 0.048495 0.055245 -0.0090027 0.0071168 -0.16244 0.083804 -0.080048 0.046544 -0.16951 0.0043162 0.18769 -0.072875 -0.021036 0.16508 -0.060571 -0.10063 -0.046053 0.1455 -0.065473 -0.054162 -0.12379 0.1641 -0.036416 -0.074785 0.018525 -0.033147 -0.047841 -0.092721
0.19824 0.085375 0.019393 -0.048453 0.08798 0.0022827 0.16757 0.061676 -0.13296 -0.070467 -0.16573 0.050553 0.071731 0.0033633 0.11374 0.097853 0.099885 -0.031908 0.041007 -0.028967 -0.10722 -0.048992 -0.11348 0.17701 0.21593 0.0077348 -0.062684 -0.064021 -0.2016 0.0096967
0.026276 -0.10564 0.074186 -0.10149 0.039929 0.15292 0.073025 0.090803 -0.1257 -0.037251 -0.037379 -0.17763 0.014778 -0.12415 0.1153 -0.0025227 0.24991 -0.24149 -0.12721 -0.013475 0.077976 -0.24066 0.009473 -0.090715 -0.077649 -0.11649 -0.0073045 -0.10628 -0.026244 -0.027901
0.038001 -0.052675 -0.043569 -0.013132 0.084432 0.15834 -0.021092 0.018137 -0.12752 -0.040444 7.0077e-06 -0.062788 0.21136 -0.026025 0.083185 -0.031183 -0.10626 -0.05681 0.048363 -0.16632 0.06957 -0.00069718 -0.0086964 -0.045478 -0.096567 0.078662 -0.050135 0.066838 -0.23895 -0.005441
0.1342 -0.056281 0.029903 0.049455 -0.12295 0.077708 0.10049 0.08223 -0.10854 -0.079648 0.1709 0.022085 0.081863 -0.025223 -0.067128 -0.045468 0.15767 -0.15313 0.0059212 -0.0025388 -0.21592 0.076098 -0.045116 0.18118 0.078885 -0.25681 -0.17388 -0.021471 -0.011728 0.0039009
0.17869 -0.078547 0.017782 -0.0030287 -0.016706 0.12756 -0.091676 0.13216 -0.051085 0.089279 0.061422 -0.024397 0.00019709 0.059428 -0.0025332 -0.034401 0.23024 -0.034401 0.057041 -0.11289 -0.13831 0.11732 0.018152 0.12513 0.063456 -0.10643 0.060845 -0.0088307 -0.031657 0.063982
-0.053982 -0.079577 0.21942 -0.0011085 -0.1021 0.16612 0.009431 0.10121 -0.14473 -0.0054713 0.23489 -0.15378 -0.034442 -0.12255 0.087961 -0.15501 0.14069 -0.10151 0.10316 0.043585 0.0015917 0.20832 -0.015954 -0.027961 -0.14317 0.088559 0.26513 0.15731 -0.2656 0.096919
0.067218 0.013664 -0.11325 -0.046504 -0.097646 -0.075279 0.089964 0.029377 -0.035398 0.027212 -0.015521 0.061468 -0.01086 0.020822 -0.0076044 -0.023019 0.09619 -0.034417 0.14901 -0.013691 0.13947 -0.070464 0.12371 -0.057062 0.0065286 -0.14102 0.12533 -0.043626 -0.083352 0.10279
0.016194 -0.07483 0.080852 0.059639 0.0045921 -0.011482 -0.030581 0.06878 -0.038609 0.057811 -0.097427 -0.010454 -0.015459 0.17467 -0.013986 -0.071019 0.17316 -0.14738 -0.010056 -0.071339 -0.18968 -0.11281 -0.012918 0.14651 0.070558 0.036851 0.019951 -0.11079 0.076524 0.037558
0.13371 -0.030432 0.038255 0.13212 -0.26225 0.074057 -0.020587 -0.01384 -0.009991 0.17736 -0.0092432 0.085165 -0.070867 -0.078017 0.21432 0.40259 -0.17494 -0.029271 0.092064 0.14881 -0.16546 -0.039447 0.17137 -0.00075345 -0.0058741 0.083699 0.22329 -0.070112 0.18958 0.049789
0.22043 -0.17918 0.064195 0.052751 -0.115 0.051924 -0.085686 -0.015688 0.13784 0.13714 0.077513 -0.085535 0.0054614 0.02588 0.090985 -0.13746 0.029502 -0.016116 -0.10896 -0.032721 0.048008 0.11891 0.12165 -0.086678 -0.11103 0.1269 0.21067 -0.13704 -0.031063 -0.10324
-0.028896 -0.12416 0.0054044 0.14022 -0.18499 -0.14883 0.031018 -0.016773 0.063345 0.14413 0.073285 -0.21528 0.06822 -0.036211 0.05581 -0.0051499 0.14021 -0.029463 0.039069 -0.087229 -0.021033 0.038861 -0.029121 -0.06952 -0.1322 -0.064752 0.28353 -0.18053 0.10693 0.00027614
0.035428 0.054712 0.11712 -0.22898 -0.076064 0.11708 -0.025053 0.062224 -0.011463 0.078943 0.12959 0.15129 -0.00040972 -0.039562 -0.072797 -0.048927 -0.041208 -0.1036 0.02726 -0.028018 -0.13003 -0.072094 0.041523 -0.10823 -0.029985 0.17651 0.14476 0.065107 -0.064351 -0.0384
0.02026 -0.086417 -0.040545 0.041057 -0.07583 0.004232 -0.017432 -0.039497 0.08034 0.046737 0.028106 -0.045695 -0.091895 0.0075948 0.078144 0.0017303 0.0073995 -0.075197 -0.045086 0.010544 -0.052594 -0.16438 -0.043393 0.066397 0.080734 -0.046494 -0.028739 0.11235 0.043134 -0.020995
0.029323 0.0035804 -0.010775 0.12104 0.086352 -0.062239 0.17401 -0.11978 -0.021556 -0.060342 0.052032 -0.0041408 -0.051487 0.082796 -0.14931 0.045345 -0.039006 0.069247 -0.028115 -0.078588 0.0034337 0.070763 -0.016303 -0.12256 0.023936 0.15977 0.21483 0.023627 -0.07086 -0.07763
-0.074812 -0.020533 -0.042008 0.063344 -0.091202 0.090332 0.052801 0.037526 -0.035419 0.1892 -0.018456 -0.073734 0.05877 0.056803 0.097184 0.14431 -0.1295 0.013805 0.037369 -0.11552 0.11248 -0.014712 0.018979 -0.061111 0.09006 -0.16983 0.25867 0.17595 0.021142 0.054728
0.12195 0.028812 -0.031372 -0.056055 0.12768 0.020255 -0.053289 0.013504 0.059675 0.0045734 -0.14271 -0.021027 0.086575 -0.14237 0.091741 0.16388 0.064646 -0.1406 0.088311 -0.16779 -0.074428 -0.089887 -0.13657 0.041213 0.181 -0.10109 -0.063032 -0.17184 -0.05599 -0.0086576
0.20239 -0.11989 -0.019852 0.10095 0.0772 -0.017988 0.051639 0.10713 0.010614 0.064795 -0.00051532 0.11249 0.08603 0.086592 0.046991 -0.054016 0.0047217 -0.063547 0.02041 -0.037313 -0.056122 0.085507 -0.094135 0.16327 0.026922 -0.13144 0.0062408 -0.1483 0.030936 0.18521
0.043726 0.016726 -0.021811 0.10356 0.088415 -0.0016889 -0.19043 0.042701 -0.072682 -0.091135 0.066775 0.10271 -0.069863 0.14421 0.18737 0.033609 0.050781 0.020092 0.054699 -0.11191 -0.038003 0.014365 -0.14676 0.05689 -0.047036 -0.19489 0.061806 0.076309 0.0088615 0.12085
0.081059 0.16078 -0.060713 0.050354 0.19544 -0.027632 -0.17833 0.044771 -0.15193 0.021733 0.16899 -0.065895 -0.037339 0.18875 -0.045662 -0.035246 -0.037978 -0.0051033 0.013323 -0.068741 0.03329 0.079402 -0.089466 0.14963 0.041476 0.069968 0.058559 0.1805 -0.051541 0.044019
0.10355 0.092812 0.0080654 -0.029048 0.1854 0.12919 -0.057294 0.067263 0.039991 0.018298 0.0046441 0.04752 -0.11548 0.0093454 0.20832 -0.060152 0.13312 0.22478 -0.020664 0.00063685 0.024393 -0.057449 0.02739 0.14806 -0.098683 0.053228 -0.015819 0.00054506 -0.13372 -0.035802
-0.17594 0.054951 -0.026761 0.086032 0.090177 -0.09013 -0.093923 0.050706 0.10708 0.013677 -0.13511 -0.031857 -0.030594 0.017548 0.021342 0.14861 -0.043471 -0.13739 -0.022146 0.082931 -0.0058512 0.12583 0.020031 -0.060283 -0.026168 0.040367 0.036701 0.0044232 -0.20632 -0.00081606
-0.23922 -0.065566 0.069897 0.32204 -0.11361 -0.006843 -0.040009 -0.17625 0.082639 -0.10437 -0.14989 -0.018898 -0.095629 -0.13825 -0.025581 0.15781 0.012914 0.10324 0.019995 0.0954 0.015144 -0.078559 0.048687 -0.013991 0.14798 -0.0046984 -0.084723 0.10658 -0.0090985 -0.019636
0.0098858 0.31233 0.024083 0.19541 0.088535 -0.13482 0.089963 0.048984 -0.10845 -0.050895 -0.15746 -0.045861 -0.10815 0.030602 0.19256 0.0047046 0.041796 -0.08819 -0.073261 -0.038113 0.11256 0.079541 -0.17769 0.20958 0.016002 -0.18728 0.066865 0.038321 0.13358 0.031544
-0.00049735 0.020028 0.037718 0.018906 0.11242 0.12253 0.038134 -0.02342 0.13768 -0.014163 -0.060797 -0.063138 0.083484 0.1095 -0.1638 0.022302 -0.053721 0.11054 -0.051965 0.037623 -0.02925 -0.067824 -0.072667 0.18987 -0.2231 0.11543 -0.12603 -0.057754 0.11472 0.033135
0.083524 0.12592 0.071253 0.19399 0.043349 -0.07831 -0.17702 0.13948 -0.032438 0.14536 -0.016634 0.1627 -0.19099 0.00013128 -0.095943 -0.052717 0.098921 0.13284 -0.022468 -0.19862 -0.14104 0.094414 -0.066888 0.036496 -0.066714 -0.07852 0.16266 -0.073367 -0.046161 0.037027
0.026594 0.14743 -0.09596 0.38123 0.011334 -0.056314 -0.027802 0.037833 -0.10839 0.11366 -0.11376 -0.012309 -0.018939 -0.097594 0.015327 0.067964 0.018179 -0.014139 0.020486 0.033713 -0.051931 -0.052729 -0.0020163 0.030947 -0.15301 0.041495 0.1822 0.032905 -0.1409 0.045228
-0.14713 -0.055568 -0.076384 0.2478 0.071944 -0.068721 0.18999 -0.017724 -0.097261 0.065245 0.033662 0.075518 0.071251 -0.13603 0.15593 -0.082606 0.079195 -0.028685 8.1946e-05 0.0073552 -0.045636 0.11778 0.10366 0.10033 0.0404 0.053078 0.09567 -0.060116 -0.023898 0.15536
0.090594 0.0038141 0.040473 -0.010143 0.055295 0.11752 -0.070926 -0.066114 -0.024905 -0.0096138 0.29538 -0.00037202 0.0088722 0.1409 0.071894 -0.14791 0.11269 0.018676 -0.017268 -0.056952 0.0045931 -0.13367 0.15321 0.18736 -0.031608 -0.00099667 0.12687 -0.15518 -0.072974 0.10297
-0.050053 -0.01465 0.025717 -0.023294 -0.0029759 0.04878 -0.27555 0.05791 0.03041 0.012186 0.11866 0.042139 0.032035 0.010154 0.071523 0.12885 0.18223 0.1682 -0.03285 0.052671 0.086139 0.1491 -0.27118 0.22395 0.040434 0.07104 0.15831 0.0053842 -0.15626 -0.036203
-0.035127 -0.058858 -0.026909 0.052065 0.089186 -0.0062535 -0.21479 -0.11375 -0.0037934 -0.10324 0.067821 0.00095696 0.042389 0.047166 -0.017341 0.061946 0.0022875 -0.12331 -0.0085166 -0.1164 -0.0043759 -0.01246 0.13718 0.11209 0.05618 -0.0046818 0.1817 0.040322 -0.040465 0.015301
-0.12679 0.021336 0.034691 0.061155 -0.049362 -0.053549 -0.12116 -0.13065 -0.20296 0.096381 0.075737 -0.047226 0.30956 0.03495 -0.29424 0.02133 0.0075219 0.060045 0.12392 0.034403 0.029587 -0.0082303 0.14765 0.025282 0.074641 0.021822 0.15835 0.050561 -0.06685 -0.058783
0.12061 0.025854 0.072793 -0.13202 0.17526 0.092347 0.071288 0.013204 0.17338 0.021135 -0.029806 -0.014922 -0.051003 -0.021238 -0.14124 0.10744 -0.016018 -0.079966 -0.010947 -0.066085 0.099432 -0.10246 -0.17293 -0.11965 -0.050106 -0.081381 -0.19231 0.11799 -0.08186 0.084057
-0.0054306 -0.16736 -0.072995 -0.19178 0.065844 -0.11903 -0.058242 0.081368 0.32512 -0.081783 -0.11835 0.21275 0.069327 -0.11027 0.027661 0.0064345 0.11197 0.013259 -0.034733 -0.21178 -0.09894 0.025443 0.029527 0.015667 0.11368 -0.10337 -0.079343 -0.042032 -0.016453 0.064699
-0.019188 0.039284 -0.099578 0.01713 0.054021 -0.086746 0.02493 0.22526 0.12096 -0.012847 -0.13024 0.01135 -0.10551 0.01825 0.025187 -0.088812 0.17918 -0.070271 -0.053291 0.044123 0.10464 0.14637 0.0051958 0.31814 0.032086 -0.022743 -0.16521 0.039113 -0.089206 0.10319
0.0099415 0.1331 -0.015266 -0.093962 0.013806 0.07257 -0.016086 -0.0058904 0.17422 -0.13983 -0.12677 -0.060204 0.11102 -0.13825 0.14047 0.14721 -0.056757 -0.087425 -0.040242 -0.0265 0.085535 0.093204 0.030089 0.091741 0.015461 -0.072092 -0.2479 -0.11862 -0.062588 -0.062288
0.1451 0.030793 0.17489 -0.056115 0.286 -0.15884 -0.04273 -0.080007 0.088338 0.098927 0.033045 -0.044037 0.083089 -0.086429 0.072492 -0.2015 -0.018547 -0.19864 -0.10627 -0.15552 -0.017036 -0.029745 0.032746 0.2903 0.11503 0.03929 -0.0043278 0.25559 -0.13896 -0.069585
0.048035 0.082511 0.065652 -0.094322 -0.13774 -0.017644 0.15304 0.11913 -0.023242 0.27947 -0.11334 0.1739 0.10992 -0.019463 0.099176 0.032241 0.1939 0.13017 0.18279 -0.045972 0.11226 0.032794 0.093951 0.23122 0.12415 -0.018256 -0.19369 0.035386 -0.11228 0.17766
0.095269 0.006076 0.12616 -0.015354 -0.076003 -0.050346 -0.13988 -0.058556 -0.094022 0.072455 -0.08885 -0.11811 -0.030658 -0.099256 0.058227 0.24656 0.011027 -0.12526 0.002998 -0.028866 -0.20383 -0.057352 0.20889 0.13671 0.20228 0.053373 -0.065174 -0.058982 -0.060983 0.0031036
0.025561 -0.13359 -0.12477 0.11258 0.048874 0.18426 -0.13025 0.11746 -0.12858 -0.048504 -0.098549 -0.0010622 -0.032984 0.17133 -0.01158 -0.1189 -0.27322 0.077029 -0.02457 -0.047719 0.087187 0.0003088 0.2508 0.24946 -0.011577 0.089325 -0.3033 -0.065691 0.043612 -0.012697
-0.065712 -0.04475 0.07025 -0.076621 0.08664 0.11301 -0.026532 -0.053142 -0.018772 0.035582 0.049267 -0.070453 0.098454 0.017704 0.064878 0.019329 0.15409 -0.058542 0.048483 0.054195 0.069801 0.086559 0.037925 0.27575 -0.098103 0.058896 0.18676 0.05817 -0.046222 -0.19956
0.085661 0.073152 -0.072346 0.20512 0.10787 -0.011557 0.099114 0.0057603 0.12137 0.1821 0.08477 -0.17335 0.060696 0.040748 0.081614 -0.042809 -0.027782 0.038542 0.0088639 -0.075693 0.035518 -0.019183 0.117 0.19431 -0.030277 0.036303 0.06563 -0.10229 -0.0013989 0.16357
0.014414 -0.11758 0.13512 0.24833 -0.019581 0.0053455 0.12058 0.079916 -0.0056652 0.37859 0.17869 0.073342 0.16536 -0.053908 -0.022946 0.18583 0.18341 0.032311 0.033439 0.08909 0.10585 0.061729 -0.078036 0.14396 -0.087266 0.02407 0.036439 -0.026251 0.053119 -0.023752
0.22545 -0.16205 -0.19099 0.17137 0.19158 -0.011349 -0.19657 0.048962 -0.10774 0.25033 -0.21197 0.063607 0.09357 -0.016724 0.052024 0.011682 -0.017955 -0.13338 0.034708 0.060085 -0.060055 -0.011155 0.1161 0.19445 -0.015648 0.0012804 -0.027169 -0.072959 -0.0093733 0.0054126
-0.11462 0.087577 0.0065682 -0.01218 -0.0017167 0.31104 0.060873 -0.041418 0.21606 0.044292 0.068833 0.069302 0.27444 -0.029627 0.10851 0.064572 0.0065327 -0.030094 0.057814 -0.11424 0.071238 -0.075784 0.08763 0.036682 -0.063796 -0.14712 0.21473 -0.022533 -0.23003 0.071153
0.023451 0.086337 0.11955 -0.082199 0.014916 -0.036082 -0.078324 0.052057 0.13025 -0.098322 -0.12728 0.073863 0.15957 -0.047271 -0.0039947 -0.018349 0.14406 -0.13381 0.024056 -0.02783 0.029174 0.086993 -0.060773 0.0045582 -0.063567 -0.01683 0.062893 0.077862 0.013033 0.033081
0.028509 -0.026049 0.084385 0.062206 -0.053584 -0.23028 -0.024635 -0.01997 -0.037365 0.096572 0.11018 -0.050462 -0.1231 -0.16895 -0.053291 -0.0047093 -0.011504 -0.090739 -0.086794 -0.030025 -0.042923 -0.13138 0.16875 -0.020686 0.10471 -0.052042 0.19051 -0.022131 -0.00025912 0.026492
-0.035455 -0.14184 0.12112 0.014598 0.12994 -0.098324 -0.19118 -0.23539 -0.16199 0.2222 -0.069255 0.040065 -0.13959 -0.05728 0.22306 0.22015 -0.22556 0.0025301 0.0025088 -0.1055 -0.14175 -0.048602 0.070581 0.15617 -0.04237 0.057653 0.14984 0.031862 0.040288 -0.0089866
0.017963 0.10414 0.031107 -0.0099482 -0.017915 -0.069777 -0.037469 0.015493 0.14674 0.16132 0.10034 -0.12576 -0.036103 -0.0068713 -0.065697 0.102 -0.00039241 -0.089952 -0.057116 -0.029954 -0.019665 -0.0010429 0.29979 -0.074143 -0.13203 0.05567 -0.24408 -0.13398 0.17508 0.19655
0.19305 0.029583 -0.076302 0.010258 -0.11261 -0.17811 -0.088167 0.084055 0.00493 0.031599 0.25124 -0.20584 -0.11718 -0.14119 0.31326 0.18726 0.019423 -0.12694 0.16568 -0.040513 -0.014277 -0.049259 0.060142 0.13146 0.078869 -0.032634 -0.047335 0.11587 -0.12215 -0.049648
0.15042 -0.01592 -0.012614 -0.080013 -0.14146 -0.030662 -0.077951 0.01816 0.12227 -0.098486 -0.058829 -0.026344 -0.015973 -0.020236 0.035044 0.011564 0.054318 -0.21633 0.057921 -0.16208 0.048209 -0.10651 -0.046378 -0.094377 0.058682 -0.080226 -0.073317 0.016941 0.11296 -0.044362
0.17499 -0.0076112 0.021882 -0.10889 0.096105 0.1031 0.14456 0.11883 -0.038076 0.17124 -0.051384 0.15844 0.12678 -0.042133 -0.057972 0.028326 -0.043471 -0.048975 0.047412 0.19715 0.12588 -0.096121 -0.10519 -0.050504 0.057947 0.075676 0.094469 0.10676 -0.10725 -0.025005
0.14022 0.053835 -0.018078 -0.013415 0.09955 -0.075171 0.11743 -0.098919 0.084068 0.073197 0.16191 -0.13384 0.13449 -0.083395 -0.046272 0.10468 0.096276 0.11613 0.014485 0.019134 -0.099548 -0.18212 0.028001 -0.040621 -0.0060247 -0.020196 -0.18345 -0.05193 -0.12243 -0.018396
0.0081203 -0.032668 -0.060556 0.053684 0.014192 -0.18476 0.055502 0.020052 -0.059928 -0.037545 0.15521 -0.043928 -0.053672 0.064449 -0.072755 0.063304 0.023834 0.10986 0.029637 -0.005999 -0.096143 -0.05799 0.085272 0.027252 -0.062869 0.15737 0.052163 0.085142 -0.1468 -0.0074131
-0.0014251 0.0036369 0.17638 -0.14735 0.13098 -0.10182 -0.12032 -0.11603 0.079705 0.082464 0.044944 0.15491 0.14561 0.031494 0.049388 -0.057315 -0.083215 -0.043255 0.022307 0.076037 0.082716 -0.051456 0.045582 -0.14604 -0.035414 0.097592 -0.10155 -0.0085859 0.090235 -0.049965
0.13625 0.12292 -0.033827 -0.031055 0.11006 0.0043151 -0.12321 0.099259 -0.01902 0.082994 -0.13504 0.2201 0.07067 -0.13301 -0.012062 -0.07437 -0.19725 0.029545 0.075037 -0.21788 -0.0069073 -0.010833 0.040529 -0.19967 -0.081865 0.034828 -0.18887 0.11226 -0.068285 0.026839
0.21284 0.045263 0.11219 -0.0002654 0.19773 -0.031981 0.030667 -0.055251 -0.045219 0.16765 -0.066153 0.14716 -0.0017409 0.2012 -0.018338 0.0084912 0.20348 -0.047118 -0.18878 0.15588 0.17669 0.00071194 0.17086 -0.0084774 -0.05494 -0.17605 -0.011557 0.035726 0.063896 0.047099
0.058338 0.1365 -0.10323 -0.0022863 0.063938 -0.22257 -0.1934 -0.12848 -0.017736 0.012481 -0.089871 0.061265 0.094177 -0.12026 0.0037054 0.051292 -0.049013 -0.088349 -0.11331 -0.32568 -0.17972 0.015056 0.061475 -0.053187 -0.19 0.045099 -0.19601 0.05338 -0.0067011 0.068229
-0.071716 0.084712 0.17978 0.017203 0.10956 -0.0057346 -0.007676 -0.046644 -0.03952 0.14211 -0.090576 -0.053772 0.15049 0.007054 0.093449 0.045414 -0.1177 0.0070159 0.029433 -0.11108 0.12766 0.058299 0.081156 -0.12057 0.10238 -0.057277 -0.15403 0.13174 -0.054258 0.10597
-0.01626 -0.086659 -0.099244 -0.00066503 0.14966 -0.0032361 -0.074653 0.15031 0.013323 0.23729 -0.071709 0.060911 -0.019312 0.082861 0.11387 0.049815 0.059904 -0.043411 -0.035343 -0.029698 -0.042191 -0.19673 0.18552 -0.065214 -0.036065 -0.019139 0.030321 -0.029309 0.11708 0.026356
0.10766 0.071691 0.0162 -0.085356 0.025964 -0.17617 0.037962 -0.26588 0.033181 0.085484 -0.065727 -0.050588 0.0092663 0.075789 -0.05041 0.19602 -0.052104 0.042654 0.076235 -0.21672 -0.041816 -0.074579 -0.02498 -0.0514 0.037005 -0.033431 -0.023197 0.036204 0.15298 0.04872
0.13558 0.019875 -0.013587 -0.20478 0.045184 0.0030356 -0.11873 0.068941 -0.096768 -0.17797 0.11929 0.11701 0.031648 -0.0048765 -0.12166 0.18327 0.12192 0.065423 -0.012805 -0.11179 -0.030621 0.029043 -0.20939 0.17656 -0.0018595 -0.080447 -0.12137 -0.076213 0.068637 0.1242
0.12811 0.023724 0.14384 0.083462 -0.051812 0.0057019 -0.014886 -0.034758 -0.012323 -0.10675 -0.022086 0.034121 -0.022864 -0.16002 -0.084888 0.14345 0.11803 -0.04674 -0.066429 0.10167 0.074765 0.11431 0.033808 -0.082492 -0.080898 -0.13336 -0.12941 0.007998 -0.14802 -0.08605
0.053176 -0.034973 -0.17722 0.048617 -0.090389 -0.0026633 -0.17736 0.036172 -0.23309 0.12692 -0.019092 -0.076913 0.06141 0.09159 -0.070353 0.0078371 -0.24453 -0.081091 0.11935 -0.019825 -0.13112 0.091463 0.14419 -0.0094307 0.016843 0.014464 0.015223 -0.3209 -0.037711 0.15553
-0.10298 -0.00042381 -0.023362 -0.011131 0.040602 -0.019196 0.007168 -0.1016 0.10524 -0.081084 -0.10125 0.01559 0.062135 0.073064 -0.044796 0.099603 0.085835 -0.14282 -0.01824 0.020085 0.074048 0.0039039 -0.032818 -0.052758 0.10954 -0.036422 0.085015 -0.10795 0.0092913 0.02682
0.12336 0.067487 0.03074 0.15569 0.11215 0.079609 -0.025321 -0.054508 0.011827 0.021416 0.056351 0.073973 0.13885 -0.12454 -0.11296 -0.17224 0.1678 0.013902 0.041785 -0.0092439 0.054601 -0.10325 -0.038528 -0.039586 -0.020677 0.13449 -0.061351 0.0013606 -0.099705 0.033048
-0.12472 0.032321 0.091818 0.059764 -0.021392 -0.11386 -0.17691 -0.037951 -0.0738 -0.04101 -0.084993 0.14713 0.021055 0.0027761 -0.051216 0.06275 0.047594 0.004868 -0.014017 0.05078 -0.11677 0.064287 0.028688 -0.14948 -0.15114 -0.065475 -0.041286 -0.13868 0.12144 0.07095
-0.051422 -0.030504 0.08852 -0.036378 0.10059 -0.16633 -0.020826 0.0022404 0.13883 -0.20458 0.062788 -0.12099 -0.063925 -0.18703 0.042664 -0.086115 -0.041776 0.025474 -0.095547 -0.049184 0.097237 0.012497 0.12529 -0.091648 -0.018826 -0.07102 0.16735 -0.069676 0.049866 -0.076832
0.0018399 0.098822 0.059972 -0.02723 -0.12092 0.095161 0.0087029 -0.10081 0.043925 -0.091258 -0.12044 -0.092031 0.0041096 -0.14403 0.080919 -0.11441 0.097088 0.12817 0.11884 -0.1652 0.061558 0.094186 -0.058344 -0.013773 0.073443 -0.0095156 -0.072477 -0.12024 -0.017578 -0.048017
0.038769 0.082496 -0.12507 0.12122 0.0089672 -0.012724 -0.091447 -0.073094 -0.052394 0.14821 0.093523 0.003969 0.004233 0.18402 0.018231 -0.046177 0.078887 0.064144 0.0796 0.065165 -0.052661 -0.032078 0.24646 -0.085471 -0.02668 0.094471 -0.088139 0.015342 -0.0099851 0.13372
0.065394 0.012803 -0.12773 -0.097512 -0.10448 0.054614 0.079282 0.085842 0.17437 -0.066071 0.12594 0.062165 -0.029974 -0.15241 0.076012 0.1909 0.084158 -0.088317 0.065979 -0.086482 -0.047477 -0.049442 0.17359 0.0083904 -0.090515 0.15823 0.096343 0.00081926 -0.016927 -0.13432
0.011983 -0.085484 -0.051413 0.18905 -0.25031 -0.11024 -0.070738 0.037152 0.15455 0.0038861 0.067309 0.012124 0.27178 -0.099496 -0.073611 0.17051 -0.12157 0.029572 -0.032793 -0.10113 -0.046554 0.01516 0.14947 -0.035875 0.0069065 -0.052845 0.030625 0.015807 0.14557 0.047699
-0.06679 -0.24126 0.031791 -0.11817 -0.027209 0.12973 -0.19119 -0.1502 -0.019877 -0.083664 0.027359 -0.038475 -0.021023 0.036985 -0.033184 0.056506 0.1728 0.032598 -0.005528 -0.18828 0.13977 -0.043633 -0.071336 0.059214 0.14668 -0.036678 -0.18115 -0.021184 -0.06185 -0.14755
-0.11473 -0.015324 0.073361 0.014375 -0.10978 -0.095976 -0.04038 -0.021023 -0.0039827 0.059414 0.044673 0.3353 0.021704 -0.065668 -0.01673 0.213 -0.089697 0.049884 -0.087541 -0.044542 -0.028019 0.17731 0.1456 -0.0061626 -0.07775 0.016139 0.049616 -0.11576 0.0046549 0.24414
-0.015917 -0.0064588 0.10814 0.0089788 -0.018762 0.028228 -0.099589 0.11754 0.045549 -0.056379 -0.17191 -0.18275 -0.050823 0.12451 -0.062522 0.079125 0.042684 -0.030288 -0.029412 0.17861 0.11781 -0.05984 0.34928 -0.14379 0.14616 -0.022833 0.11957 -0.023886 0.14228 -0.063206
-0.016863 -0.14742 0.14242 -0.070058 -0.042824 -0.12956 -0.074008 -0.0043003 0.091319 -0.11657 -0.0039555 0.14355 0.013655 0.011493 -0.018743 -0.051445 -0.13714 0.063584 0.02347 -0.011671 0.038403 -0.077599 0.25023 -0.11023 -0.00025514 -0.068258 0.028084 -0.18468 0.017602 -0.12268
0.026383 -0.0889 -0.067831 -0.07305 -0.016911 -0.089085 -0.1547 0.039593 -0.11909 -0.075106 0.00023025 -0.016203 -0.023638 -0.17733 0.011915 0.019557 0.16041 -0.015916 0.14322 -0.14639 0.16037 -0.11712 0.11332 0.074018 0.018653 0.05511 -0.13277 -0.079808 -0.06017 0.061464
0.0052996 -0.043081 0.046845 -0.056379 0.043186 -0.11611 0.081623 -0.025121 -0.10689 -0.0065555 -0.12204 -0.10674 0.022259 0.060279 -0.081464 0.010543 -0.13595 -0.069868 -0.00063987 -0.07782 -0.0073749 0.0078076 -0.0092732 -0.013324 -0.028507 -0.00016062 -0.23416 0.023296 -0.01486 0.10697
0.041485 0.03006 0.096449 0.0022139 -0.018589 -0.058806 -0.13885 -0.030765 -0.06852 0.043503 -0.097012 -0.04468 0.041073 -0.094151 0.21146 0.0053802 -0.11328 0.086643 -0.13506 -0.031037 0.10954 -0.15926 0.097372 0.056179 -0.0024895 0.076083 0.085016 -0.17371 -0.01992 0.058861
-0.033835 -0.027886 -0.014813 -0.058692 0.021793 0.018442 -0.016363 0.091808 -0.071159 0.10083 0.080891 0.088712 -0.01434 -0.091322 0.1575 0.14622 -0.21749 -0.14338 0.053874 0.031718 0.0013021 0.16864 0.021568 0.09873 0.045108 0.0016319 0.13134 -0.030272 0.021145 -0.12204
0.19828 -0.11228 -0.084425 -0.17501 0.13369 0.10392 -0.029719 -0.22122 0.078054 0.0015601 -0.02608 0.11057 0.040931 0.10657 0.16627 0.034842 0.030797 -0.15396 -0.011313 -0.15219 0.01307 0.11619 -0.28726 -0.070141 -0.13962 0.060818 0.035493 0.17564 0.066096 -0.049689
0.029084 0.1955 -0.015325 0.030838 0.084653 0.1078 0.05094 -0.11946 -0.014264 -0.074441 0.027261 -0.17887 0.2822 0.12647 0.12097 -0.15487 0.053285 0.016744 0.011274 -0.006028 -0.035544 -0.024148 -0.13387 -0.049187 -0.039827 0.06755 -0.16978 0.098408 -0.097158 -0.16988
0.018651 -0.1 -0.011228 -0.038907 -0.028348 0.066621 -0.10122 0.023042 -0.12123 -0.15516 -0.1531 0.09233 0.13366 0.10038 -0.053111 0.20551 -0.1298 -0.048497 -0.058214 0.26605 0.095231 -0.089663 -0.20778 0.031571 -0.092964 -0.0056645 0.005864 -0.0071466 0.075835 0.18551
-0.025755 -0.075863 -0.063221 -0.064393 0.13801 0.024903 0.03766 -0.0046244 0.055652 -0.024811 0.018709 0.034841 0.092938 0.12696 0.069711 0.072571 -0.10529 0.0063165 -0.0026726 -0.046489 -0.16389 0.084599 0.17089 -0.019911 -0.016356 -0.10183 -0.070337 -0.035357 0.0035589 0.12777
0.02208 0.21803 -0.0015845 -0.079462 0.14146 -0.023806 0.086825 -0.051669 -0.28267 -0.17746 0.040511 0.10614 -0.079706 0.014663 0.044781 0.16725 0.19715 -0.01636 0.038811 -0.026064 -0.072492 -0.083838 -0.026735 -0.069255 0.0069481 0.044997 -0.1146 -0.11886 -0.031596 0.21227
-0.043729 0.067371 -0.041925 -0.077512 0.009655 -0.089797 -0.028747 -0.18197 0.17908 -0.023068 -0.13237 0.12438 0.083521 0.19963 0.077037 0.054441 0.089619 0.16202 -0.073493 -0.064707 0.1997 0.00086939 0.026912 -0.083688 0.059849 -0.018003 0.0093892 -0.019398 0.056976 0.1258
-0.21799 0.087606 0.076472 0.094321 -0.11917 -0.021498 -0.047074 0.072177 -0.22638 -0.16148 -0.012825 -0.2655 0.12756 -0.23922 0.18167 0.034907 -0.039856 -0.1753 0.11079 -0.1158 0.0079797 -0.026223 0.0017473 0.12513 -0.0452 0.12097 0.083679 -0.00073797 0.022792 0.12701
-0.033004 -0.02617 0.070697 0.050892 -0.062821 0.013881 0.041363 -0.079296 -0.015777 -0.12265 0.024035 0.093823 -0.21256 0.054148 -0.035891 0.18806 -0.21592 -0.14919 0.086345 0.041457 -0.030134 -0.10468 0.051453 0.033349 -0.057118 -0.018461 -0.032884 -0.051673 0.029421 0.2158
-0.13792 -0.0067397 -0.18661 -0.28406 0.080357 -0.066373 -0.014384 -0.043646 -0.038445 -0.088415 -0.018395 -0.064006 0.040262 -0.034788 0.14083 -0.14748 -0.13122 0.15735 0.066999 0.019538 0.014234 -0.034706 -0.16009 0.023116 -0.14452 0.039613 -0.0095802 -0.039402 0.005966 -0.096741
-0.2126 0.1253 -0.071011 -0.24523 -0.063579 0.15311 0.18454 -0.059257 -0.076477 -0.16054 0.093498 -0.083097 0.2781 -0.060749 0.086036 -0.061888 -0.014791 -0.085543 -0.027786 -0.04838 -0.086612 0.088713 0.12165 -0.15603 0.1399 -0.0073021 -0.011248 -0.084585 0.1561 -0.059205
-0.092069 -0.036003 0.094542 0.099839 -0.1256 0.11514 0.0091587 0.055057 0.050546 0.012237 0.20447 -0.10391 -0.081586 0.023039 0.073735 0.059765 -0.1296 -0.081661 0.013888 0.021574 0.26243 -0.033657 0.0016178 -0.070001 -0.25191 -0.055896 0.12476 0.045594 0.076195 -0.14914
-0.20716 -0.0039497 0.093019 -0.046117 -0.049098 0.050804 -0.20919 0.25605 -0.07787 -0.046941 0.10211 -0.0086882 -0.09492 0.14209 0.0068445 -0.14719 -0.00052292 -0.016448 0.10002 -0.069779 -0.053122 0.07872 -0.017293 -0.22838 0.2058 -0.025739 0.2414 0.087213 0.074753 0.23894
-0.17616 -0.060924 -0.17926 0.058376 0.14026 0.070568 0.06642 0.16796 0.088666 -0.13431 0.066884 -0.01846 0.14702 -0.15518 -0.099343 0.047778 0.03983 0.026838 0.0736 -0.0812 0.10107 0.049161 0.057783 -0.083864 -0.03163 0.041968 -0.11698 -0.19832 0.068883 -0.2419
-0.1458 -0.15451 -0.21822 -0.20693 0.177 -0.097033 0.065863 -0.0014605 -0.033145 -0.17846 -0.088763 0.032902 -0.13959 -0.048273 -0.0061507 0.074016 -0.25888 -0.095507 -0.18432 -0.0085553 0.065281 -0.14296 -0.13384 0.12986 -0.031524 -0.026866 0.041541 0.012346 -0.11694 0.19906
-0.055418 0.10813 0.039642 0.035162 0.13806 -0.25485 -0.11071 0.13777 0.0033657 -0.072496 -0.073179 -0.10098 -0.030375 -0.015527 -0.061799 -0.0054226 0.052304 -0.014968 -0.076525 -0.21006 -0.025115 -0.11563 -0.072687 -0.072696 0.05857 -0.048215 0.11102 0.050648 0.045576 0.016118
-0.048314 -0.072796 0.1421 -0.055352 0.079938 -0.1007 -0.068015 0.20254 -0.10386 0.079183 -0.046144 0.13808 0.051402 0.001875 -0.013484 -0.01777 -0.1842 -0.18379 -0.093734 0.12473 -0.024342 -0.047751 0.21251 -0.075929 0.064513 0.034879 0.084969 -0.15224 0.065799 0.0043111
