-0.023154 0.17226 -0.31015 0.045962 0.062398 -0.44522
-0.042745 -0.013941 -0.013254 -0.17047 0.045983 -0.53141
0.035351 0.15704 0.16988 -0.20164 -0.20638 0.50486
0.032113 0.037005 -0.26225 0.097909 0.0059488 0.32234
0.073283 0.07392 0.14068 0.22247 -0.054875 -0.46985
-0.060728 0.048719 0.044157 0.00055662 -0.10654 0.020185
-0.014556 -0.10682 0.11489 0.04866 -0.062515 -0.020851
-0.051824 -0.032721 -0.0066781 0.0069563 -0.33108 -0.18525
0.038027 0.198 0.13142 -0.32734 -0.21609 -0.2729
0.039849 0.12264 0.089081 0.064808 -0.027417 0.61317
-0.031479 0.020961 0.043461 -0.14831 0.029675 0.343
0.21868 -0.030347 -0.039889 0.044393 -0.064696 0.1664
-0.15982 0.041964 -0.17688 -0.060556 0.0091665 -0.19485
-0.15184 0.016923 0.054981 -0.16648 -0.03952 -0.84047
-0.15468 -0.029007 -0.096394 -0.0084106 0.013176 -0.19156
0.011386 -0.18207 0.10978 -0.056614 -0.099121 -0.26005
-0.069684 0.04163 0.0038228 -0.033007 0.23179 -0.041735
-0.11775 -0.011236 -0.039468 0.056402 -0.14905 -0.0033849
0.029387 -0.025652 0.046547 0.086681 0.069381 0.64734
-0.095665 0.0035264 -0.1644 -0.067994 0.059928 0.22735
-0.080088 0.056241 0.17257 -0.0057251 0.15179 -0.15257
0.00019165 -0.0021133 -0.00093206 0.067547 0.066078 -0.3062
0.012433 0.028132 0.11315 0.073991 0.0358 0.82831
-0.07165 0.061139 0.011645 0.095576 -0.036538 -0.64509
-0.1398 -0.003448 0.067996 -0.012927 -0.048755 -0.67441
-0.13496 -0.00056647 -0.0024423 0.048653 -0.023181 -0.43367
0.13574 0.10652 -0.14187 -0.18949 0.27085 0.4154
-0.069749 0.013562 0.087704 -0.022548 0.033264 0.17321
0.0015 -0.03117 0.081678 0.17054 -0.019588 0.00098325
-0.077812 0.20762 0.18191 -0.33229 0.082588 -0.28301
