1.6348
-0.52488
-1.9433
0.79872
-1.5322
0.40159
-2.0832
-3.1521
0.57728
1.3338
-1.5664
0.79071
-1.5487
1.8379
-1.1208
0.28329
0.95251
0.69892
0.7057
0.93219
0.63269
0.73015
1.4537
1.9459
0.55809
0.84351
1.9392
-1.0177
1.6991
-0.48066
-0.3556
1.3548
-0.64484
-1.5201
1.2219
0.63514
1.1957
0.67852
0.67415
-1.3313
-1.1461
0.78455
-2.3277
1.1036
1.5799
4.2539
1.777
-0.50305
1.6143
2.5617
0.54331
-0.83617
-0.77366
0.49574
-0.6621
-0.73472
-0.90124
-1.2319
1.7478
-1.0737
-1.7525
-0.91828
-0.70527
-1.6014
1.3723
0.60545
-0.51654
-1.3661
-0.71268
4.1429
1.1323
0.71859
