0.18862 0.050849 0.0098597 -0.045571 0.060351 -0.058052 -0.0059354 0.029022 -0.072098 -0.062009
0.074522 0.025865 0.0035323 0.0029314 -0.13641 -0.015276 0.13119 0.016678 -0.20935 -0.026392
0.001201 0.029323 -0.0074503 0.026029 -0.020646 -0.008761 -0.048718 0.025759 -0.03459 0.047388
-0.12653 0.008399 -0.029094 0.027267 -0.021001 0.028569 0.020389 0.020693 -0.089095 0.048697
0.18414 0.060669 0.010733 -0.042799 -0.0085009 -0.049836 -0.080591 0.020881 -0.012554 -0.078479
0.0051876 0.018346 0.0070399 -0.038003 0.1187 -0.02104 -0.041583 0.0032779 0.01808 -0.061139
-0.042821 -0.0056184 -0.020158 -0.0029898 0.085051 0.011883 -0.090301 0.010458 -0.12258 -0.082418
-0.041056 0.0042904 -0.03876 0.050516 -0.0078305 0.041577 -0.092125 0.015854 -0.082785 0.012256
0.15227 0.095658 0.027083 -0.060447 -0.054257 -0.08926 0.035328 -0.0008389 -0.16755 -0.062952
-0.026506 0.030459 -0.0022646 -0.019319 0.087021 -0.011488 0.085019 -0.0036028 0.019013 -0.04842
-0.08242 -0.0032451 -0.026358 5.2185e-05 0.062289 0.004632 0.092115 -0.0055625 0.050377 -0.016564
-0.26506 0.0098439 -0.038655 0.025036 0.16328 0.010211 0.13561 -0.0011001 -0.044858 0.087289
0.12281 0.062516 0.017545 -0.00152 0.07304 -0.039777 -0.010112 -0.020899 0.088581 -0.037087
0.070564 0.03716 0.01084 0.0039976 -0.070201 -0.018247 -0.052141 -0.023161 -0.024933 -0.045834
-0.0023864 0.014245 -0.0071961 0.012061 0.11668 0.00088059 -0.12971 -0.013928 -0.11416 0.0033144
-0.12785 0.032694 -0.019942 0.042272 0.017141 0.0090985 0.1108 -0.025437 0.0031661 0.032221
0.20808 0.070944 0.024371 -0.056748 -0.018262 -0.14404 0.16565 0.025092 -0.16432 0.019343
0.08336 0.033362 0.0060627 -0.033813 0.23542 -0.073034 0.098021 0.016406 0.14453 -0.042997
0.039696 0.013153 -0.016269 0.014785 -0.10876 -0.0051346 -0.017015 0.025867 0.012609 -0.051394
-0.06442 -0.00029439 -0.010299 0.025781 0.16621 0.0026809 0.11504 0.0064238 -0.031803 -0.052724
0.098871 0.036848 0.0054909 -0.0066819 0.042671 -0.037158 -0.28282 -0.0030488 -0.010696 -0.040871
0.12292 -0.007585 -0.037465 0.023234 0.012931 0.060967 -0.11731 -0.0079708 -0.23277 -0.16382
-0.088472 -0.0028885 -0.035391 0.008253 -0.042803 0.0087235 -0.0012477 0.018018 -0.021382 0.018114
-0.036172 0.014737 -0.0049358 0.030268 0.075616 -0.010931 0.032996 0.01467 0.11913 0.057144
0.10323 0.047758 -0.0070404 0.026449 -0.082386 -0.032798 -0.16505 -0.01266 -0.030968 0.0023524
0.00051479 0.016334 -0.00058222 0.0029497 -0.01128 -0.0036508 -0.089815 -0.01028 0.072319 -0.026573
-0.10481 -0.014573 -0.015551 0.0039891 0.042717 0.0047787 0.11435 -8.7759e-05 -0.058333 -0.11513
-0.21335 0.0093564 -0.039041 0.04802 0.057954 0.010548 -0.081111 0.026355 -0.011632 0.099624
-0.0064507 0.030181 -0.001555 0.028796 -0.0063893 -0.023746 0.017932 -0.011838 0.052282 0.073048
0.025664 0.0053732 -0.0044571 0.0054985 -0.025476 -0.0042224 0.022799 -0.0072523 -0.06294 -0.069435
-0.05427 -0.013102 -0.012728 0.01147 -0.088238 0.003495 -0.011978 -0.011446 0.078177 -0.029046
-0.071098 0.020162 -0.022322 0.04931 -0.049891 0.012765 0.054146 0.0058408 -0.05513 0.10657
0.16364 0.036372 0.01164 0.026125 0.049034 -0.050872 0.12376 -0.013256 -0.098255 0.0084666
0.14071 0.025619 0.003481 0.037428 0.10714 -0.057552 0.028059 -0.010731 -0.10593 -0.057902
0.073985 0.019046 0.010596 0.00063063 0.0096797 -0.057799 -0.21949 0.016391 -0.10892 0.009255
0.015208 0.014905 0.01534 -0.0049127 -0.038656 -0.058611 -0.0096999 0.013775 0.044165 0.028453
0.044855 0.045425 -0.0031598 0.06112 0.10163 -0.017189 -0.116 -0.0063303 -0.2442 0.063664
-0.0121 -0.02889 -0.028238 0.048106 0.021303 0.047117 0.014989 -0.027692 0.21495 -0.058741
-0.046951 -0.03338 -0.031226 0.018108 0.014898 0.035388 -0.053118 0.018627 -0.12655 -0.095217
-0.039999 0.0095062 -0.010535 0.017165 0.013628 -0.0161 0.012931 0.024618 -0.065218 0.0074313
-0.044784 0.028906 -0.018395 0.055582 -0.042178 -0.01374 -0.13663 -0.012973 -0.29527 0.13342
-0.022219 0.0096128 0.0020133 0.031498 0.10251 -0.028714 0.12963 -0.012527 0.24955 0.032421
-0.060038 0.0013864 -0.0083728 0.0055617 -0.011636 -0.017068 -0.087317 0.014212 -0.09496 -0.0037956
-0.11406 0.032425 -0.020894 0.024079 0.13526 -0.043913 0.11212 0.052143 0.088554 0.18714
-0.048847 0.04919 -0.0053376 0.049006 0.01418 -0.032133 0.065614 0.012785 0.086766 0.20212
0.016315 0.0075226 -0.011656 0.01849 0.10239 0.0034373 0.009495 0.0070851 -0.25575 -0.024471
-0.026684 -0.0085373 -0.004351 0.0033623 -0.0022329 -0.0044999 0.01037 0.0033713 0.003048 -0.0041051
0.029111 0.049143 -0.017977 0.047305 -0.13847 -0.015145 -0.064877 0.042322 0.022587 0.19084
-0.015422 0.019208 0.0069515 0.027551 -0.023671 -0.016397 0.081206 -0.0047981 0.0054718 -0.02238
0.029101 0.0013161 0.0071321 0.027387 -0.20479 -0.0053446 -0.19182 -0.024744 0.048427 -0.012642
0.15758 0.031197 0.031347 0.00631 0.12631 -0.068447 -0.16893 -0.012303 -0.10796 -0.020148
0.31832 0.065634 0.091568 -0.012215 0.15016 -0.19122 -0.13345 -0.0060049 -0.11139 0.064447
-0.06113 0.030473 -0.0025885 0.054727 -0.1116 -0.016266 0.059551 -0.0055015 -0.074601 0.095232
0.062053 -0.013891 -0.01862 0.058913 -0.013336 0.019454 0.0795 -0.021761 0.062554 0.032242
0.10517 -0.010418 -0.0068533 0.028588 0.031359 0.012777 0.023352 0.025819 0.018895 -0.050089
0.035955 0.0096191 0.035807 -0.012744 -0.01885 -0.061927 -0.016897 0.010372 -0.13494 -0.010265
-0.15736 -0.031251 -0.043967 0.11212 0.20785 0.033075 -0.049891 -0.01458 0.023156 0.11265
0.043503 -0.025078 -0.022579 0.054097 0.00049091 0.01156 -0.0079173 -0.011034 -0.034977 0.019517
0.065411 -0.0040805 -0.0079581 0.0289 0.093543 -0.0057213 -0.13203 0.026961 -0.084455 -0.010333
0.012011 0.003076 0.0043198 0.010897 -0.082684 -0.048049 0.019823 0.039399 0.074733 0.013112
-0.10685 -0.030705 -0.041109 0.061557 0.067538 0.038795 -0.10434 0.0061627 -0.075002 0.020695
-0.036316 -0.019524 -0.025982 0.03827 0.029014 0.006973 0.0348 0.015232 -0.08281 0.034869
-0.0044265 -0.025495 -0.018949 0.015853 0.11518 0.0075055 0.24778 0.015722 0.019268 -0.074326
-0.023454 0.0045193 -0.014063 0.03739 0.095926 -0.033796 -0.097072 0.051327 0.043966 0.051136
-0.085858 -0.037114 -0.031877 0.07795 0.15615 0.085507 -0.012824 -0.02125 -0.0458 -0.089866
-0.088506 -0.0086908 -0.0075729 0.030244 -0.020898 0.015196 0.026893 -0.012938 -0.076536 -0.07713
-0.019664 0.014967 0.01258 0.0045127 0.09177 -0.015924 0.082963 -0.010722 -0.0080961 -0.057317
-0.0022496 0.012538 0.036437 -0.028413 -0.049314 -0.058491 -0.089883 -0.0083295 -0.041675 -0.093176
-0.070846 -0.033877 -0.032503 0.10028 -0.040325 0.075171 -0.18341 -0.0026912 -0.085232 -0.055297
0.055088 -0.0072111 -0.011117 0.04763 0.007196 0.026757 -0.024009 -0.0014046 -0.033948 -0.040635
0.029869 0.0092544 0.0060284 0.025984 0.12354 0.0098645 -0.19531 -0.0055376 0.089339 -0.049208
-0.024733 0.033033 0.043049 -0.013424 0.17092 -0.063382 -0.026038 -0.0043232 -0.18251 0.013381
-0.081416 -0.067583 -0.047548 0.12168 -0.06186 0.10424 -0.058332 0.011213 -0.15282 -0.11201
0.058496 -0.032509 -0.011906 0.049323 0.047303 0.032505 0.071077 0.0062449 -0.053555 -0.16535
0.013943 0.015968 0.02001 0.0092584 -0.05387 -0.018267 -0.074977 0.015259 -0.14739 -0.012284
0.01634 0.060994 0.065556 0.001196 0.20266 -0.10687 -0.046104 0.018263 0.041619 0.079322
-0.073363 -0.030911 -0.033399 0.061967 -0.03506 0.04499 0.033433 0.035471 -0.078591 -0.049238
-0.068817 -0.015408 -0.014003 0.025956 -0.036494 0.014416 -0.015321 0.030423 -0.027303 -0.010694
0.021209 0.019445 0.014414 -0.0037237 0.23214 -0.034979 -0.0032268 0.020429 -0.071643 -0.0025745
0.0011374 0.043368 0.031606 0.0034693 0.12218 -0.072675 -0.088399 0.039175 -0.017021 0.04583
-0.19158 -0.042251 -0.045723 0.10113 0.2822 0.15423 -0.19866 -0.0098088 -0.047387 -0.15604
-0.12944 -0.0086005 -0.0092395 0.047876 0.16302 0.061256 0.17739 -0.0084365 0.10637 -0.067942
-0.026854 0.025822 0.014786 0.022422 0.091747 -0.012539 -0.18693 -0.013645 0.08271 -0.0096928
-0.012848 0.0013928 0.014542 -0.0030237 -0.020438 -0.024315 -0.043617 -0.0081956 -0.11391 -0.045959
-0.064721 -0.028377 -0.014872 0.03954 -0.11576 0.05055 -0.020289 0.011341 -0.1591 -0.13453
0.01905 -0.010084 0.003183 0.02338 -0.026562 0.0073521 0.053991 0.0064371 -0.067501 -0.048013
0.010398 0.022447 0.023305 0.023273 -0.060729 -0.025082 -0.017401 -0.010279 0.044255 0.014739
-0.037709 -0.0033169 0.015872 -0.019595 0.13847 -0.012698 -0.066853 -0.013547 0.0044541 -0.12284
-0.0026231 0.014188 -0.013121 0.048626 -0.11772 0.021165 -0.0653 0.041434 0.11046 -0.034299
0.073304 -0.0084417 -0.009383 0.030561 -0.15224 0.020674 -0.11002 0.020026 -0.077243 -0.037809
0.041579 0.009596 0.019849 0.022154 -0.05989 -0.010054 -0.08799 0.0023069 -0.12421 -0.027
-0.06124 0.059633 0.071845 -0.035639 -0.23392 -0.10475 0.0067093 -0.0067237 0.044805 0.054653
0.013921 0.025341 -0.00048503 0.014635 0.018151 -0.0061451 0.07366 0.031659 -0.017306 -0.044871
0.088778 0.014147 0.0076386 2.9491e-05 0.060666 -0.013007 -0.084114 0.024173 0.13496 -0.011207
-0.013272 0.019927 0.014691 -0.0044793 -0.036485 -0.016842 0.0027055 0.0082965 0.00056549 0.089015
-0.098938 0.042375 0.048489 -0.036493 0.014793 -0.081744 0.17402 0.0084217 0.017503 0.071727
-0.12103 -0.0060039 -0.014145 0.027818 0.048145 0.035177 -0.30476 0.018967 -0.20126 -0.085928
-0.15584 0.0068987 -0.016361 0.019912 0.13437 0.042938 0.024964 0.020337 0.04232 -0.063741
-0.092003 0.0020144 -0.019888 0.033928 0.094112 0.051631 0.029568 -0.0063644 0.13208 -0.080573
-0.117 0.0033607 -0.005642 0.02949 0.097444 0.024559 -0.095514 -0.010166 0.10695 -0.079763
-0.001634 0.025639 -0.012719 0.011154 0.00064259 -0.0017896 0.1368 0.035356 0.12079 -0.010366
-0.03423 0.0087448 0.0026513 0.0044584 0.049506 -0.010181 -0.15472 0.018584 -0.14569 0.019779
-0.065054 0.030628 0.02025 0.0034543 -0.03867 -0.033191 0.093276 -0.014644 -0.035305 0.12618
-0.025757 0.033852 0.0079833 0.027902 -0.038889 -0.011017 0.070909 -0.012131 0.021909 -0.027525
0.023553 0.048426 0.012175 -0.00089028 -0.071361 -0.014963 -0.10157 0.04053 0.061211 -0.081738
0.036922 0.016315 0.00072672 0.011337 -0.026619 0.017909 0.093482 0.022578 -0.21134 -0.051626
0.03325 0.028062 0.0083581 0.020961 0.015897 0.0056951 -0.0029502 -0.010164 0.13845 0.014438
0.027833 0.076321 0.040321 0.015103 -0.03496 -0.047346 -0.19079 -0.022987 -0.11587 0.04423
0.0089663 0.055997 0.0137 0.0012558 -0.20195 -0.034093 -0.13489 0.025529 -0.035474 -0.02337
0.042061 0.022813 0.00031921 0.0082328 0.079875 -0.00087035 -0.059914 0.016742 0.14565 -0.020247
0.0027094 0.012135 0.0070859 -0.0057069 -0.0012382 -0.013037 -0.19114 0.0035834 -0.14676 -0.0002191
-0.050235 0.04727 0.028283 -0.0018813 0.20641 -0.033555 -0.15037 -0.012744 0.040684 -0.062173
0.024879 0.035738 0.0024869 0.0057421 0.21458 -0.020184 -0.012931 0.018127 0.023911 -0.019351
-0.0055162 0.037933 -0.0086947 0.0018506 0.21742 -0.012493 -0.013744 0.034336 -0.13545 0.015309
-0.10765 0.018496 -0.038617 0.034959 -0.081811 0.05898 -0.033364 0.027241 0.0026643 -0.00088108
-0.513 -0.0099747 -0.06903 0.019746 -0.057189 0.10912 0.14922 0.020632 0.010746 0.024638
0.049479 0.04395 0.0064576 -0.01104 0.031351 -0.013488 0.012683 0.032665 0.063786 -0.0947
0.01622 0.016561 0.0012203 -0.022543 0.33767 0.01276 0.1104 0.021945 -0.033239 -0.10066
0.0019358 0.01469 -0.0036787 0.0059347 0.074325 0.004468 -0.037881 -0.020739 0.012789 -0.03586
-0.15492 -0.0067614 -0.019547 0.0023219 0.024971 0.032874 -0.13178 -0.0066244 -0.10462 -0.031526
0.1808 0.088453 0.04138 -0.065828 0.064931 -0.055142 0.0062494 0.03555 0.027018 -0.093507
0.061372 0.042266 0.0098736 -0.022734 0.013626 0.0009739 -0.21618 0.011181 -0.094531 0.045957
-0.021587 0.011767 -0.012204 -0.0081968 0.12584 0.01618 -0.26065 -0.017977 0.10027 -0.021297
-0.03316 0.030967 -0.0076574 0.01865 0.01208 0.019227 -0.1089 -0.032982 0.1556 -0.062192
0.13138 0.073068 0.032428 -0.021284 0.0010033 -0.051184 0.019536 0.0078947 -0.071514 -0.029053
0.091627 0.046385 0.0055442 -0.00082547 0.009119 0.0027407 0.074589 0.0036207 -0.16375 -0.026617
0.030977 0.02163 0.011164 0.0010135 0.11755 0.00073203 0.039712 -0.024682 -0.011483 -0.058822
-0.021183 0.060272 0.019577 0.022604 -0.0036828 -0.014148 0.096988 -0.033268 -0.017173 0.00045766
