-0.032851 -0.078504 -0.24759 0.087771 -2.3353e-05 -1.3133
-0.15892 -0.48719 0.37787 0.024781 -0.14531 2.1519
0.14305 0.2366 0.19591 0.35153 -0.004649 -0.38774
-0.065925 0.49212 -0.14878 0.016139 -0.11178 2.2161
-0.10536 0.11063 0.011738 -0.0047042 0.11809 0.56065
-0.0055266 0.064934 0.69211 0.034268 0.0048654 -1.7599
-0.090635 -0.014821 -0.030665 0.12689 0.019189 -0.43021
0.012176 0.06973 0.070283 0.088517 0.5429 0.61223
0.027941 0.032333 0.0060614 -0.072324 0.13539 -0.55945
0.096592 0.092758 0.033812 -0.047084 -0.0080309 -1.306
